0 0.08514190317195326 0.06966966966966967 0.1001669449081803 0.012612612612612612 
1 0.22287145242070117 0.07147147147147147 0.07262103505843072 0.00960960960960961 
2 0.333889816360601 0.06966966966966967 0.08096828046744574 0.00960960960960961 
3 0.32136894824707846 0.11651651651651651 0.012520868113522538 0.008408408408408409 
4 0.08096828046744574 0.11711711711711711 0.01335559265442404 0.008408408408408409 
5 0.4691151919866444 0.07087087087087086 0.18196994991652754 0.006006006006006006 
6 0.7078464106844741 0.07027027027027027 0.0 0.0 
7 0.5550918196994992 0.0996996996996997 0.3831385642737897 0.014414414414414415 
8 0.18363939899833054 0.17477477477477477 0.17111853088480802 0.011411411411411412 
9 0.1652754590984975 0.19039039039039038 0.13939899833055092 0.014414414414414415 
10 0.17529215358931552 0.20960960960960962 0.15442404006677796 0.011411411411411412 
11 0.16026711185308848 0.22522522522522523 0.08180300500834725 0.00960960960960961 
12 0.28046744574290483 0.22462462462462462 0.1018363939899833 0.012012012012012012 
13 0.24207011686143573 0.24444444444444444 0.23205342237061768 0.00960960960960961 
14 0.11602671118530884 0.3039039039039039 0.1419031719532554 0.007207207207207207 
15 0.07429048414023372 0.3261261261261261 0.06010016694490818 0.007807807807807808 
16 0.09015025041736227 0.3471471471471472 0.09265442404006678 0.009009009009009009 
17 0.24123539232053423 0.32432432432432434 0.06010016694490818 0.00960960960960961 
18 0.25542570951585974 0.3471471471471472 0.08347245409015025 0.00960960960960961 
19 0.18447412353923207 0.3813813813813814 0.17195325542570952 0.013813813813813814 
20 0.14691151919866444 0.3963963963963964 0.06343906510851419 0.012012012012012012 
21 0.19532554257095158 0.412012012012012 0.09849749582637729 0.012012012012012012 
22 0.2579298831385643 0.44144144144144143 0.045075125208681135 0.009009009009009009 
23 0.335559265442404 0.4402402402402402 0.05091819699499165 0.010810810810810811 
24 0.27462437395659434 0.45765765765765765 0.16110183639398998 0.006606606606606606 
25 0.1636060100166945 0.46846846846846846 0.14357262103505844 0.01021021021021021 
26 0.2036727879799666 0.4828828828828829 0.21035058430717862 0.012612612612612612 
27 0.27963272120200333 0.4972972972972973 0.1001669449081803 0.012012012012012012 
28 0.24791318864774625 0.5183183183183183 0.2370617696160267 0.008408408408408409 
29 0.13772954924874792 0.542942942942943 0.017529215358931552 0.008408408408408409 
30 0.15358931552587646 0.5723723723723724 0.10434056761268781 0.00960960960960961 
31 0.15191986644407346 0.5873873873873874 0.1010016694490818 0.012012012012012012 
32 0.21368948247078465 0.6024024024024024 0.10267111853088481 0.012612612612612612 
33 0.2028380634390651 0.618018018018018 0.2028380634390651 0.00960960960960961 
34 0.28046744574290483 0.6324324324324324 0.1010016694490818 0.011411411411411412 
35 0.2370617696160267 0.6492492492492492 0.2262103505843072 0.010810810810810811 
36 0.24624373956594323 0.6654654654654655 0.1335559265442404 0.00960960960960961 
37 0.17278797996661102 0.6810810810810811 0.018363939899833055 0.010810810810810811 
38 0.22203672787979967 0.6960960960960961 0.12186978297161936 0.012612612612612612 
39 0.10684474123539232 0.8678678678678678 0.13772954924874792 0.004804804804804805 
40 0.7395659432387313 0.17597597597597597 0.07011686143572621 0.00960960960960961 
41 0.7662771285475793 0.19039039039039038 0.1293823038397329 0.012612612612612612 
42 0.7921535893155259 0.2066066066066066 0.17529215358931552 0.012612612612612612 
43 0.7595993322203672 0.22402402402402402 0.07512520868113523 0.013213213213213212 
44 0.8964941569282137 0.2228228228228228 0.12687813021702837 0.015015015015015015 
45 0.840567612687813 0.24324324324324326 0.2287145242070117 0.015615615615615615 
46 0.7153589315525877 0.3069069069069069 0.13939899833055092 0.01021021021021021 
47 0.6969949916527546 0.32732732732732733 0.10434056761268781 0.01021021021021021 
48 0.7195325542570952 0.34774774774774775 0.14524207011686144 0.01021021021021021 
49 0.8580968280467446 0.3483483483483483 0.09015025041736227 0.010810810810810811 
50 0.8580968280467446 0.3261261261261261 0.09015025041736227 0.01021021021021021 
51 0.7938230383973289 0.38078078078078076 0.18280467445742904 0.010810810810810811 
52 0.7470784641068448 0.3945945945945946 0.055926544240400666 0.01021021021021021 
53 0.7954924874791319 0.4096096096096096 0.09098497495826377 0.012012012012012012 
54 0.8580968280467446 0.43783783783783786 0.040901502504173626 0.015015015015015015 
55 0.9365609348914858 0.4402402402402402 0.045909849749582635 0.012012012012012012 
56 0.8797996661101837 0.45525525525525523 0.16026711185308848 0.008408408408408409 
57 0.7512520868113522 0.46846846846846846 0.10934891485809682 0.009009009009009009 
58 0.7762938230383973 0.4828828828828829 0.14858096828046743 0.00960960960960961 
59 0.8789649415692822 0.4960960960960961 0.1010016694490818 0.012012012012012012 
60 0.8088480801335559 0.5141141141141141 0.16110183639398998 0.012612612612612612 
61 0.7412353923205343 0.5417417417417417 0.01335559265442404 0.006606606606606606 
61 0.820534223706177 0.542942942942943 0.01001669449081803 0.006006006006006006 
62 0.7454090150250418 0.5717717717717717 0.08848080133555926 0.00960960960960961 
63 0.7470784641068448 0.5861861861861862 0.09265442404006678 0.012012012012012012 
64 0.8121869782971619 0.603003003003003 0.10934891485809682 0.010810810810810811 
65 0.7854757929883138 0.6174174174174174 0.16193656093489148 0.012612612612612612 
66 0.8706176961602671 0.633033033033033 0.08263772954924875 0.00960960960960961 
67 0.8464106844741235 0.6522522522522523 0.2378964941569282 0.008408408408408409 
68 0.837228714524207 0.6648648648648648 0.11352253756260434 0.00960960960960961 
69 0.7813021702838063 0.6792792792792792 0.02921535893155259 0.011411411411411412 
70 0.8005008347245409 0.6942942942942943 0.08096828046744574 0.01021021021021021 
71 0.8939899833055092 0.8654654654654654 0.14941569282136896 0.006006006006006006 
6 0.6318864774624374 0.06906906906906907 0.010851419031719533 0.007207207207207207 
3 0.2303839732888147 0.11651651651651651 0.0 0.0 
72 0.164440734557596 0.11711711711711711 0.010851419031719533 0.005405405405405406 
73 0.3831385642737897 0.2024024024024024 0.018363939899833055 0.00960960960960961 
74 0.3781302170283806 0.21501501501501502 0.012520868113522538 0.007807807807807808 
75 0.3739565943238731 0.24084084084084084 0.0 0.0 
76 0.3814691151919866 0.2606606606606607 0.015859766277128547 0.00960960960960961 
77 0.3831385642737897 0.2882882882882883 0.018363939899833055 0.01021021021021021 
78 0.3756260434056761 0.3165165165165165 0.0 0.0 
79 0.3814691151919866 0.34474474474474476 0.015025041736227046 0.01021021021021021 
80 0.3806343906510851 0.3747747747747748 0.014190317195325543 0.007807807807807808 
81 0.3739565943238731 0.4132132132132132 0.0 0.0 
82 0.3797996661101836 0.44144144144144143 0.012520868113522538 0.008408408408408409 
83 0.3823038397328882 0.46066066066066064 0.015859766277128547 0.008408408408408409 
84 0.3797996661101836 0.4798798798798799 0.012520868113522538 0.008408408408408409 
85 0.3739565943238731 0.5009009009009009 0.0 0.0 
86 0.3756260434056761 0.5177177177177177 0.0 0.0 
87 0.3823038397328882 0.5369369369369369 0.02003338898163606 0.011411411411411412 
88 0.3823038397328882 0.5657657657657658 0.017529215358931552 0.011411411411411412 
89 0.37145242070116863 0.5963963963963964 0.0 0.0 
90 0.3739565943238731 0.6264264264264264 0.0 0.0 
91 0.6185308848080133 0.6228228228228229 0.021702838063439065 0.012612612612612612 
92 0.6185308848080133 0.5951951951951951 0.015859766277128547 0.01021021021021021 
93 0.6193656093489148 0.5663663663663664 0.015859766277128547 0.011411411411411412 
94 0.6101836393989983 0.5399399399399399 0.0 0.0 
95 0.6210350584307178 0.5177177177177177 0.018363939899833055 0.00960960960960961 
96 0.6110183639398998 0.5027027027027027 0.0 0.0 
97 0.6110183639398998 0.4810810810810811 0.0 0.0 
98 0.6110183639398998 0.46066066066066064 0.0 0.0 
99 0.6093489148580968 0.44264264264264264 0.0 0.0 
100 0.6101836393989983 0.4144144144144144 0.0 0.0 
101 0.6193656093489148 0.375975975975976 0.015025041736227046 0.008408408408408409 
102 0.6185308848080133 0.34654654654654654 0.018363939899833055 0.010810810810810811 
103 0.6110183639398998 0.3183183183183183 0.0 0.0 
104 0.6193656093489148 0.28888888888888886 0.018363939899833055 0.00960960960960961 
105 0.6126878130217028 0.2618618618618619 0.0 0.0 
106 0.6101836393989983 0.24024024024024024 0.0 0.0 
107 0.6168614357262103 0.21441441441441442 0.015025041736227046 0.01021021021021021 
108 0.6118530884808013 0.2012012012012012 0.0 0.0 
29 0.21285475792988315 0.5417417417417417 0.0 0.0 
