0 0.09015025041736227 0.06846846846846846 0.11101836393989983 0.01021021021021021 
1 0.22036727879799667 0.06786786786786787 0.0667779632721202 0.010810810810810811 
2 0.3347245409015025 0.06786786786786787 0.08180300500834725 0.007807807807807808 
3 0.31552587646076796 0.11651651651651651 0.0 0.0 
4 0.07429048414023372 0.11711711711711711 0.0 0.0 
5 0.4732888146911519 0.06966966966966967 0.1911519198664441 0.006606606606606606 
6 0.7128547579298832 0.06786786786786787 0.010851419031719533 0.006006006006006006 
7 0.5467445742904842 0.0996996996996997 0.3664440734557596 0.014414414414414415 
8 0.14524207011686144 0.1735735735735736 0.09348914858096828 0.009009009009009009 
9 0.14357262103505844 0.1885885885885886 0.09515859766277128 0.010810810810810811 
10 0.21869782971619364 0.2072072072072072 0.24040066777963273 0.00960960960960961 
11 0.14941569282136896 0.2228228228228228 0.06010016694490818 0.009009009009009009 
12 0.27879799666110183 0.2228228228228228 0.0993322203672788 0.01021021021021021 
13 0.24207011686143573 0.24264264264264265 0.2328881469115192 0.013213213213213212 
14 0.10517529215358931 0.3027027027027027 0.12020033388981637 0.007207207207207207 
15 0.08013355592654424 0.3249249249249249 0.07262103505843072 0.007207207207207207 
16 0.08347245409015025 0.34594594594594597 0.07846410684474124 0.008408408408408409 
17 0.24958263772954925 0.3225225225225225 0.07762938230383973 0.007807807807807808 
18 0.25292153589315525 0.34594594594594597 0.07929883138564274 0.008408408408408409 
19 0.1335559265442404 0.3801801801801802 0.0709515859766277 0.01021021021021021 
20 0.14106844741235391 0.3945945945945946 0.05175292153589316 0.009009009009009009 
21 0.17612687813021702 0.4102102102102102 0.06093489148580968 0.01021021021021021 
22 0.2595993322203673 0.43843843843843844 0.048414023372287146 0.00960960960960961 
23 0.337228714524207 0.43843843843843844 0.05342237061769616 0.008408408408408409 
24 0.27629382303839733 0.45765765765765765 0.164440734557596 0.004804804804804805 
25 0.12604340567612687 0.4666666666666667 0.06928213689482471 0.009009009009009009 
26 0.22036727879799667 0.4816816816816817 0.24373956594323873 0.00960960960960961 
27 0.28130217028380633 0.4954954954954955 0.10434056761268781 0.00960960960960961 
28 0.25125208681135225 0.5165165165165165 0.24373956594323873 0.012012012012012012 
29 0.1293823038397329 0.542942942942943 0.0 0.0 
30 0.14774624373956594 0.5705705705705706 0.09181969949916527 0.008408408408408409 
31 0.15525876460767946 0.5861861861861862 0.10684474123539232 0.01021021021021021 
32 0.21452420701168615 0.6006006006006006 0.10434056761268781 0.010810810810810811 
33 0.18614357262103506 0.6168168168168168 0.169449081803005 0.009009009009009009 
34 0.27796327212020033 0.63003003003003 0.09515859766277128 0.009009009009009009 
35 0.24207011686143573 0.6492492492492492 0.2353923205342237 0.010810810810810811 
36 0.22454090150250416 0.6636636636636637 0.09098497495826377 0.007807807807807808 
37 0.17529215358931552 0.6786786786786787 0.024207011686143573 0.009009009009009009 
38 0.21869782971619364 0.6948948948948949 0.11519198664440734 0.00960960960960961 
39 0.10934891485809682 0.8672672672672672 0.1419031719532554 0.004204204204204204 
40 0.7654424040066778 0.17417417417417416 0.12186978297161936 0.00960960960960961 
41 0.7462437395659433 0.1897897897897898 0.08848080133555926 0.00960960960960961 
42 0.8171953255425709 0.2048048048048048 0.22537562604340566 0.01021021021021021 
43 0.7579298831385642 0.2222222222222222 0.07178631051752922 0.00960960960960961 
44 0.8906510851419032 0.22102102102102103 0.11519198664440734 0.010810810810810811 
45 0.8414023372287145 0.24624624624624625 0.2303839732888147 0.00960960960960961 
46 0.7195325542570952 0.3081081081081081 0.14691151919866444 0.006606606606606606 
47 0.6844741235392321 0.32732732732732733 0.07929883138564274 0.010810810810810811 
48 0.6861435726210351 0.34654654654654654 0.07846410684474124 0.007807807807807808 
49 0.8572621035058431 0.34654654654654654 0.08931552587646077 0.009009009009009009 
50 0.8497495826377296 0.32552552552552555 0.07345575959933222 0.008408408408408409 
51 0.7437395659432388 0.3795795795795796 0.08263772954924875 0.009009009009009009 
52 0.7404006677796328 0.3933933933933934 0.041736227045075125 0.009009009009009009 
53 0.7796327212020033 0.4084084084084084 0.05926544240400668 0.010810810810810811 
54 0.8597662771285476 0.439039039039039 0.04340567612687813 0.007807807807807808 
55 0.9373956594323873 0.43723723723723723 0.04674457429048414 0.00960960960960961 
56 0.8831385642737897 0.45585585585585586 0.167779632721202 0.005405405405405406 
57 0.7896494156928213 0.46726726726726725 0.18614357262103506 0.008408408408408409 
58 0.7813021702838063 0.4816816816816817 0.15943238731218698 0.008408408408408409 
59 0.8756260434056762 0.4948948948948949 0.09432387312186978 0.00960960960960961 
60 0.7913188647746243 0.5123123123123123 0.12520868113522537 0.010810810810810811 
61 0.7387312186978298 0.5405405405405406 0.009181969949916527 0.005405405405405406 
61 0.8155258764607679 0.5417417417417417 0.0 0.0 
62 0.7629382303839732 0.5705705705705706 0.12353923205342238 0.008408408408408409 
63 0.7570951585976627 0.5843843843843843 0.11185308848080133 0.009009009009009009 
64 0.8163606010016694 0.6006006006006006 0.11769616026711185 0.01021021021021021 
65 0.8105175292153589 0.6162162162162163 0.21285475792988315 0.010810810810810811 
66 0.8756260434056762 0.6318318318318318 0.09181969949916527 0.007807807807807808 
67 0.840567612687813 0.6492492492492492 0.2262103505843072 0.013813813813813814 
68 0.8313856427378965 0.6636636636636637 0.10267111853088481 0.008408408408408409 
69 0.7796327212020033 0.6780780780780781 0.02587646076794658 0.009009009009009009 
70 0.8105175292153589 0.6924924924924925 0.1001669449081803 0.007807807807807808 
71 0.8923205342237062 0.8642642642642643 0.14524207011686144 0.005405405405405406 
6 0.6302170283806344 0.06786786786786787 0.00667779632721202 0.004204204204204204 
3 0.2345575959933222 0.11531531531531532 0.008347245409015025 0.005405405405405406 
72 0.16277128547579298 0.11651651651651651 0.00667779632721202 0.0036036036036036037 
73 0.3797996661101836 0.1993993993993994 0.012520868113522538 0.007207207207207207 
74 0.3772954924874791 0.21441441441441442 0.010851419031719533 0.005405405405405406 
75 0.3739565943238731 0.24084084084084084 0.0 0.0 
76 0.3739565943238731 0.26126126126126126 0.0 0.0 
77 0.3789649415692821 0.2870870870870871 0.010851419031719533 0.006006006006006006 
78 0.3806343906510851 0.31471471471471474 0.01001669449081803 0.006006006006006006 
79 0.3739565943238731 0.34594594594594597 0.0 0.0 
80 0.3789649415692821 0.3741741741741742 0.010851419031719533 0.005405405405405406 
81 0.3739565943238731 0.4132132132132132 0.0 0.0 
82 0.3739565943238731 0.44144144144144143 0.0 0.0 
83 0.3747913188647746 0.46066066066066064 0.0 0.0 
84 0.3789649415692821 0.4774774774774775 0.010851419031719533 0.006006006006006006 
85 0.3739565943238731 0.5009009009009009 0.0 0.0 
86 0.3806343906510851 0.5159159159159159 0.01001669449081803 0.006006006006006006 
87 0.3789649415692821 0.5357357357357357 0.014190317195325543 0.007807807807807808 
88 0.3739565943238731 0.5675675675675675 0.0 0.0 
89 0.3764607679465776 0.593993993993994 0.01001669449081803 0.006006006006006006 
90 0.3806343906510851 0.6216216216216216 0.01335559265442404 0.007807807807807808 
91 0.6076794657762938 0.6252252252252253 0.0 0.0 
92 0.6176961602671118 0.5921921921921922 0.014190317195325543 0.008408408408408409 
93 0.6118530884808013 0.5681681681681682 0.0 0.0 
94 0.6185308848080133 0.5363363363363364 0.01669449081803005 0.007807807807807808 
95 0.6160267111853088 0.5153153153153153 0.009181969949916527 0.006006006006006006 
96 0.6193656093489148 0.4978978978978979 0.01669449081803005 0.009009009009009009 
97 0.6168614357262103 0.4774774774774775 0.011686143572621035 0.006606606606606606 
98 0.6110183639398998 0.46066066066066064 0.0 0.0 
99 0.6093489148580968 0.44264264264264264 0.0 0.0 
100 0.6101836393989983 0.4144144144144144 0.0 0.0 
101 0.6185308848080133 0.37357357357357357 0.01335559265442404 0.007207207207207207 
102 0.6168614357262103 0.34354354354354355 0.015859766277128547 0.007807807807807808 
103 0.6110183639398998 0.3183183183183183 0.0 0.0 
104 0.6101836393989983 0.2894894894894895 0.0 0.0 
105 0.6185308848080133 0.25885885885885884 0.011686143572621035 0.007207207207207207 
106 0.6160267111853088 0.23843843843843843 0.011686143572621035 0.006006006006006006 
107 0.6143572621035058 0.2132132132132132 0.01001669449081803 0.006606606606606606 
108 0.6160267111853088 0.2 0.009181969949916527 0.006006006006006006 
29 0.21619365609348914 0.5417417417417417 0.00667779632721202 0.004204204204204204 
