0 0.10267111853088481 0.06966966966966967 0.1352253756260434 0.012612612612612612 
1 0.22120200333889817 0.06906906906906907 0.06844741235392321 0.013813813813813814 
2 0.31469115191986646 0.06786786786786787 0.041736227045075125 0.012612612612612612 
3 0.32303839732888145 0.11591591591591592 0.015859766277128547 0.00960960960960961 
4 0.07429048414023372 0.11471471471471471 0.0 0.0 
5 0.4090150250417362 0.06846846846846846 0.06176961602671119 0.010810810810810811 
6 0.7136894824707847 0.06966966966966967 0.012520868113522538 0.00960960960960961 
7 0.4716193656093489 0.0996996996996997 0.21619365609348914 0.013813813813813814 
8 0.11686143572621036 0.17537537537537537 0.037562604340567615 0.010810810810810811 
9 0.11769616026711185 0.19039039039039038 0.04424040066777963 0.013813813813813814 
10 0.15609348914858096 0.20960960960960962 0.11602671118530884 0.012012012012012012 
11 0.15108514190317196 0.22402402402402402 0.0642737896494157 0.011411411411411412 
12 0.25125208681135225 0.22462462462462462 0.04340567612687813 0.012012012012012012 
13 0.2045075125208681 0.24264264264264265 0.15692821368948248 0.013213213213213212 
14 0.0659432387312187 0.3027027027027027 0.04257095158597663 0.009009009009009009 
15 0.05676126878130217 0.3261261261261261 0.025041736227045076 0.008408408408408409 
16 0.05843071786310518 0.34774774774774775 0.02921535893155259 0.008408408408408409 
17 0.23121869782971619 0.32432432432432434 0.04006677796327212 0.00960960960960961 
18 0.2287145242070117 0.34774774774774775 0.030884808013355594 0.008408408408408409 
19 0.14524207011686144 0.38198198198198197 0.09432387312186978 0.013213213213213212 
20 0.14106844741235391 0.39579579579579577 0.052587646076794656 0.012612612612612612 
21 0.18030050083472454 0.412012012012012 0.06928213689482471 0.012012012012012012 
22 0.25626043405676124 0.44204204204204206 0.04257095158597663 0.007807807807807808 
23 0.3280467445742905 0.43963963963963965 0.03589315525876461 0.011411411411411412 
24 0.28297161936560933 0.45645645645645644 0.17696160267111852 0.00960960960960961 
25 0.12103505843071787 0.46846846846846846 0.05926544240400668 0.010810810810810811 
26 0.13856427378964942 0.48348348348348347 0.08013355592654424 0.012012012012012012 
27 0.2654424040066778 0.4966966966966967 0.07262103505843072 0.013213213213213212 
28 0.2036727879799666 0.5153153153153153 0.14858096828046743 0.013813813813813814 
29 0.1293823038397329 0.5405405405405406 0.0 0.0 
30 0.1310517529215359 0.5717717717717717 0.05926544240400668 0.010810810810810811 
31 0.12604340567612687 0.5873873873873874 0.048414023372287146 0.012012012012012012 
32 0.21702838063439064 0.6024024024024024 0.10934891485809682 0.012612612612612612 
33 0.1335559265442404 0.618018018018018 0.06343906510851419 0.009009009009009009 
34 0.2579298831385643 0.6324324324324324 0.055926544240400666 0.011411411411411412 
35 0.17529215358931552 0.6486486486486487 0.10267111853088481 0.012012012012012012 
36 0.20868113522537562 0.6654654654654655 0.05926544240400668 0.009009009009009009 
37 0.17028380634390652 0.6804804804804805 0.014190317195325543 0.012012012012012012 
38 0.22203672787979967 0.6960960960960961 0.12186978297161936 0.013213213213213212 
39 0.09849749582637729 0.8648648648648649 0.12020033388981637 0.010810810810810811 
40 0.7295492487479132 0.17537537537537537 0.05091819699499165 0.010810810810810811 
41 0.7345575959933222 0.19099099099099098 0.0659432387312187 0.012012012012012012 
42 0.7771285475792988 0.2066066066066066 0.14607679465776294 0.013213213213213212 
43 0.7587646076794657 0.22462462462462462 0.07345575959933222 0.012012012012012012 
44 0.8664440734557596 0.2228228228228228 0.0667779632721202 0.015015015015015015 
45 0.8171953255425709 0.24264264264264265 0.18280467445742904 0.016816816816816817 
46 0.6686143572621035 0.3069069069069069 0.045909849749582635 0.010810810810810811 
47 0.664440734557596 0.32732732732732733 0.03923205342237062 0.01021021021021021 
48 0.66110183639399 0.3483483483483483 0.02921535893155259 0.009009009009009009 
49 0.8297161936560935 0.3483483483483483 0.0333889816360601 0.01021021021021021 
50 0.8397328881469115 0.32732732732732733 0.05342237061769616 0.008408408408408409 
51 0.7153589315525877 0.38078078078078076 0.025041736227045076 0.01021021021021021 
52 0.7454090150250418 0.3945945945945946 0.05175292153589316 0.010810810810810811 
53 0.7829716193656093 0.4096096096096096 0.0651085141903172 0.011411411411411412 
54 0.8580968280467446 0.44144144144144143 0.04006677796327212 0.008408408408408409 
55 0.9365609348914858 0.44204204204204206 0.045909849749582635 0.007807807807807808 
56 0.820534223706177 0.45465465465465466 0.041736227045075125 0.009009009009009009 
57 0.7237061769616027 0.4678678678678679 0.05342237061769616 0.010810810810810811 
58 0.7604340567612687 0.48228228228228226 0.11769616026711185 0.01021021021021021 
59 0.8497495826377296 0.4960960960960961 0.041736227045075125 0.012012012012012012 
60 0.8013355592654424 0.5135135135135135 0.14607679465776294 0.013813813813813814 
61 0.7404006677796328 0.5417417417417417 0.011686143572621035 0.007207207207207207 
61 0.8155258764607679 0.5393393393393393 0.0 0.0 
62 0.7303839732888147 0.5717717717717717 0.05926544240400668 0.00960960960960961 
63 0.7237061769616027 0.5867867867867868 0.045075125208681135 0.01021021021021021 
64 0.8063439065108514 0.6024024024024024 0.09682804674457429 0.011411411411411412 
65 0.7404006677796328 0.618018018018018 0.07262103505843072 0.012012012012012012 
66 0.8464106844741235 0.6324324324324324 0.0333889816360601 0.010810810810810811 
67 0.7938230383973289 0.6498498498498498 0.1318864774624374 0.013213213213213212 
68 0.8088480801335559 0.6642642642642642 0.05676126878130217 0.01021021021021021 
69 0.7813021702838063 0.6798798798798799 0.028380634390651086 0.01021021021021021 
70 0.8113522537562604 0.6942942942942943 0.1018363939899833 0.010810810810810811 
71 0.8514190317195326 0.8636636636636636 0.0642737896494157 0.009009009009009009 
6 0.6268781302170284 0.06606606606606606 0.0 0.0 
3 0.2353923205342237 0.11711711711711711 0.010851419031719533 0.007207207207207207 
72 0.16277128547579298 0.11771771771771772 0.00667779632721202 0.004804804804804805 
73 0.3739565943238731 0.2006006006006006 0.0 0.0 
74 0.3722871452420701 0.2126126126126126 0.0 0.0 
75 0.3739565943238731 0.23843843843843843 0.0 0.0 
76 0.3797996661101836 0.2606606606606607 0.012520868113522538 0.00960960960960961 
77 0.3814691151919866 0.28888888888888886 0.015025041736227046 0.009009009009009009 
78 0.3814691151919866 0.3159159159159159 0.011686143572621035 0.009009009009009009 
79 0.3797996661101836 0.34534534534534533 0.012520868113522538 0.00960960960960961 
80 0.3797996661101836 0.37537537537537535 0.011686143572621035 0.007207207207207207 
81 0.3739565943238731 0.41081081081081083 0.0 0.0 
82 0.3797996661101836 0.44204204204204206 0.011686143572621035 0.007207207207207207 
83 0.3823038397328882 0.46006006006006006 0.015859766277128547 0.00960960960960961 
84 0.3739565943238731 0.4774774774774775 0.0 0.0 
85 0.3739565943238731 0.4984984984984985 0.0 0.0 
86 0.3823038397328882 0.5171171171171172 0.01335559265442404 0.00960960960960961 
87 0.3722871452420701 0.5363363363363364 0.0 0.0 
88 0.38397328881469117 0.5657657657657658 0.02003338898163606 0.011411411411411412 
89 0.3781302170283806 0.5957957957957958 0.01335559265442404 0.00960960960960961 
90 0.3797996661101836 0.624024024024024 0.012520868113522538 0.012612612612612612 
91 0.6076794657762938 0.6228228228228229 0.0 0.0 
92 0.6193656093489148 0.5945945945945946 0.01669449081803005 0.011411411411411412 
93 0.6118530884808013 0.5657657657657658 0.0 0.0 
94 0.6176961602671118 0.5375375375375375 0.015859766277128547 0.012612612612612612 
95 0.6185308848080133 0.5177177177177177 0.01335559265442404 0.00960960960960961 
96 0.6193656093489148 0.5003003003003003 0.01669449081803005 0.012612612612612612 
97 0.6185308848080133 0.47927927927927927 0.015025041736227046 0.01021021021021021 
98 0.6193656093489148 0.45885885885885885 0.01669449081803005 0.010810810810810811 
99 0.6093489148580968 0.4402402402402402 0.0 0.0 
100 0.6168614357262103 0.4138138138138138 0.014190317195325543 0.00960960960960961 
101 0.6185308848080133 0.37537537537537535 0.01335559265442404 0.00960960960960961 
102 0.6093489148580968 0.34534534534534533 0.0 0.0 
103 0.6176961602671118 0.3165165165165165 0.01335559265442404 0.011411411411411412 
104 0.6160267111853088 0.28888888888888886 0.012520868113522538 0.00960960960960961 
105 0.6210350584307178 0.26006006006006005 0.017529215358931552 0.01021021021021021 
106 0.6176961602671118 0.23963963963963963 0.015025041736227046 0.009009009009009009 
107 0.6093489148580968 0.2132132132132132 0.0 0.0 
108 0.6118530884808013 0.1987987987987988 0.0 0.0 
29 0.21285475792988315 0.5393393393393393 0.0 0.0 
