0 0.07929883138564274 0.06786786786786787 0.08848080133555926 0.01021021021021021 
1 0.21202003338898165 0.06726726726726727 0.05008347245409015 0.01021021021021021 
2 0.332220367278798 0.06846846846846846 0.07679465776293823 0.012012012012012012 
3 0.31969949916527546 0.11471471471471471 0.009181969949916527 0.006006006006006006 
4 0.07429048414023372 0.11711711711711711 0.0 0.0 
5 0.4549248747913189 0.06726726726726727 0.15442404006677796 0.013213213213213212 
6 0.7136894824707847 0.06786786786786787 0.011686143572621035 0.006006006006006006 
7 0.5058430717863105 0.0984984984984985 0.2838063439065108 0.014414414414414415 
8 0.1343906510851419 0.17417417417417416 0.07178631051752922 0.010810810810810811 
9 0.14607679465776294 0.19039039039039038 0.1010016694490818 0.014414414414414415 
10 0.17612687813021702 0.2078078078078078 0.15609348914858096 0.011411411411411412 
11 0.13856427378964942 0.2228228228228228 0.03923205342237062 0.008408408408408409 
12 0.2671118530884808 0.22402402402402402 0.07512520868113523 0.012612612612612612 
13 0.17111853088480802 0.24024024024024024 0.09015025041736227 0.010810810810810811 
14 0.11435726210350584 0.3033033033033033 0.13939899833055092 0.007207207207207207 
15 0.0667779632721202 0.3261261261261261 0.045909849749582635 0.007207207207207207 
16 0.08013355592654424 0.34654654654654654 0.07178631051752922 0.008408408408408409 
17 0.24040066777963273 0.32312312312312313 0.05843071786310518 0.008408408408408409 
18 0.24624373956594323 0.3471471471471472 0.0651085141903172 0.00960960960960961 
19 0.12771285475792987 0.3801801801801802 0.05926544240400668 0.010810810810810811 
20 0.1318864774624374 0.3945945945945946 0.0333889816360601 0.00960960960960961 
21 0.169449081803005 0.4102102102102102 0.04757929883138564 0.00960960960960961 
22 0.25292153589315525 0.43723723723723723 0.03589315525876461 0.010810810810810811 
23 0.328881469115192 0.43783783783783786 0.03672787979966611 0.00960960960960961 
24 0.2362270450751252 0.45465465465465466 0.08430717863105175 0.010810810810810811 
25 0.1686143572621035 0.46726726726726725 0.15442404006677796 0.009009009009009009 
26 0.15859766277128548 0.4816816816816817 0.12103505843071787 0.011411411411411412 
27 0.2587646076794658 0.4954954954954955 0.05926544240400668 0.010810810810810811 
28 0.17696160267111852 0.5141141141141141 0.09599332220367279 0.010810810810810811 
29 0.1343906510851419 0.5411411411411411 0.01001669449081803 0.006006006006006006 
30 0.12771285475792987 0.5717717717717717 0.052587646076794656 0.010810810810810811 
31 0.12520868113522537 0.5855855855855856 0.04674457429048414 0.00960960960960961 
32 0.2003338898163606 0.6012012012012012 0.07512520868113523 0.010810810810810811 
33 0.167779632721202 0.6168168168168168 0.1318864774624374 0.00960960960960961 
34 0.2704507512520868 0.6324324324324324 0.08013355592654424 0.012012012012012012 
35 0.2337228714524207 0.648048048048048 0.21869782971619364 0.012612612612612612 
36 0.21118530884808012 0.6636636636636637 0.06343906510851419 0.008408408408408409 
37 0.17195325542570952 0.6786786786786787 0.017529215358931552 0.00960960960960961 
38 0.2028380634390651 0.6948948948948949 0.08347245409015025 0.009009009009009009 
39 0.11018363939899833 0.8672672672672672 0.14357262103505844 0.006006006006006006 
40 0.7378964941569283 0.17417417417417416 0.0667779632721202 0.010810810810810811 
41 0.7378964941569283 0.19099099099099098 0.07178631051752922 0.012012012012012012 
42 0.7921535893155259 0.206006006006006 0.17529215358931552 0.012012012012012012 
43 0.7445742904841403 0.22162162162162163 0.045909849749582635 0.01021021021021021 
44 0.8831385642737897 0.2228228228228228 0.1010016694490818 0.015615615615615615 
45 0.7813021702838063 0.24084084084084084 0.11101836393989983 0.012612612612612612 
46 0.7161936560934892 0.3063063063063063 0.14106844741235391 0.009009009009009009 
47 0.6719532554257095 0.32732732732732733 0.05342237061769616 0.010810810810810811 
48 0.679465776293823 0.34774774774774775 0.0659432387312187 0.01021021021021021 
49 0.8489148580968281 0.34774774774774775 0.07262103505843072 0.011411411411411412 
50 0.8380634390651085 0.32552552552552555 0.05091819699499165 0.008408408408408409 
51 0.7537562604340567 0.38078078078078076 0.10267111853088481 0.010810810810810811 
52 0.7345575959933222 0.3927927927927928 0.03005008347245409 0.007807807807807808 
53 0.7737896494156928 0.4078078078078078 0.04757929883138564 0.009009009009009009 
54 0.8614357262103506 0.4348348348348348 0.04674457429048414 0.012612612612612612 
55 0.9373956594323873 0.43663663663663665 0.04757929883138564 0.012612612612612612 
56 0.8313856427378965 0.4540540540540541 0.0642737896494157 0.01021021021021021 
57 0.7345575959933222 0.46726726726726725 0.07512520868113523 0.008408408408408409 
58 0.7671118530884808 0.4816816816816817 0.1310517529215359 0.00960960960960961 
59 0.8647746243739566 0.4948948948948949 0.07178631051752922 0.01021021021021021 
60 0.8414023372287145 0.5147147147147147 0.2262103505843072 0.012012012012012012 
61 0.7345575959933222 0.5411411411411411 0.0 0.0 
61 0.8155258764607679 0.5417417417417417 0.0 0.0 
62 0.7270450751252087 0.5705705705705706 0.05175292153589316 0.009009009009009009 
63 0.7270450751252087 0.5861861861861862 0.052587646076794656 0.012012012012012012 
64 0.7946577629382304 0.6006006006006006 0.07429048414023372 0.01021021021021021 
65 0.7787979966611018 0.6168168168168168 0.14941569282136896 0.010810810810810811 
66 0.8631051752921536 0.6324324324324324 0.0676126878130217 0.01021021021021021 
67 0.843906510851419 0.6498498498498498 0.2328881469115192 0.013213213213213212 
68 0.8121869782971619 0.6642642642642642 0.06343906510851419 0.010810810810810811 
69 0.7779632721202003 0.6774774774774774 0.022537562604340568 0.007807807807807808 
70 0.7904841402337228 0.6936936936936937 0.06093489148580968 0.008408408408408409 
71 0.8772954924874792 0.8636636636636636 0.11519198664440734 0.009009009009009009 
6 0.6268781302170284 0.06846846846846846 0.0 0.0 
3 0.2303839732888147 0.11651651651651651 0.0 0.0 
72 0.16193656093489148 0.11651651651651651 0.005843071786310518 0.0036036036036036037 
73 0.3739565943238731 0.203003003003003 0.0 0.0 
74 0.3764607679465776 0.2138138138138138 0.008347245409015025 0.006006006006006006 
75 0.3739565943238731 0.24084084084084084 0.0 0.0 
76 0.3797996661101836 0.25825825825825827 0.011686143572621035 0.006606606606606606 
77 0.3789649415692821 0.2870870870870871 0.010851419031719533 0.006006006006006006 
78 0.3756260434056761 0.3165165165165165 0.0 0.0 
79 0.3739565943238731 0.34594594594594597 0.0 0.0 
80 0.3739565943238731 0.3747747747747748 0.0 0.0 
81 0.3789649415692821 0.4102102102102102 0.010851419031719533 0.007207207207207207 
82 0.3739565943238731 0.44144144144144143 0.0 0.0 
83 0.3781302170283806 0.45885885885885885 0.007512520868113523 0.006006006006006006 
84 0.3739565943238731 0.4798798798798799 0.0 0.0 
85 0.3739565943238731 0.5009009009009009 0.0 0.0 
86 0.3814691151919866 0.5153153153153153 0.011686143572621035 0.006606606606606606 
87 0.3722871452420701 0.5387387387387388 0.0 0.0 
88 0.3739565943238731 0.5675675675675675 0.0 0.0 
89 0.3764607679465776 0.593993993993994 0.01001669449081803 0.006006006006006006 
90 0.3814691151919866 0.624024024024024 0.015025041736227046 0.007207207207207207 
91 0.6176961602671118 0.621021021021021 0.02003338898163606 0.009009009009009009 
92 0.6160267111853088 0.5921921921921922 0.01001669449081803 0.007807807807807808 
93 0.6185308848080133 0.563963963963964 0.014190317195325543 0.008408408408408409 
94 0.6101836393989983 0.5399399399399399 0.0 0.0 
95 0.6118530884808013 0.5183183183183183 0.0 0.0 
96 0.6110183639398998 0.5027027027027027 0.0 0.0 
97 0.6110183639398998 0.4810810810810811 0.0 0.0 
98 0.6110183639398998 0.46066066066066064 0.0 0.0 
99 0.6093489148580968 0.44264264264264264 0.0 0.0 
100 0.6143572621035058 0.4114114114114114 0.009181969949916527 0.006606606606606606 
101 0.6151919866444073 0.37357357357357357 0.007512520868113523 0.006006006006006006 
102 0.6093489148580968 0.34774774774774775 0.0 0.0 
103 0.6160267111853088 0.31471471471471474 0.01001669449081803 0.006606606606606606 
104 0.6101836393989983 0.2894894894894895 0.0 0.0 
105 0.6185308848080133 0.25825825825825827 0.012520868113522538 0.006606606606606606 
106 0.6143572621035058 0.23843843843843843 0.009181969949916527 0.006006006006006006 
107 0.6151919866444073 0.2126126126126126 0.011686143572621035 0.006606606606606606 
108 0.6160267111853088 0.2 0.008347245409015025 0.006006006006006006 
29 0.21285475792988315 0.5417417417417417 0.0 0.0 
