0 0.08180300500834725 0.07027027027027027 0.09432387312186978 0.012012012012012012 
1 0.21452420701168615 0.06906906906906907 0.055926544240400666 0.013813813813813814 
2 0.3330550918196995 0.06846846846846846 0.07846410684474124 0.012012012012012012 
3 0.32136894824707846 0.11591591591591592 0.012520868113522538 0.009009009009009009 
4 0.08096828046744574 0.11591591591591592 0.014190317195325543 0.01021021021021021 
5 0.4674457429048414 0.07027027027027027 0.17863105175292154 0.006606606606606606 
6 0.7078464106844741 0.06846846846846846 0.0 0.0 
7 0.5601001669449082 0.0990990990990991 0.39232053422370616 0.015015015015015015 
8 0.13772954924874792 0.17477477477477477 0.07846410684474124 0.012012012012012012 
9 0.1285475792988314 0.19039039039039038 0.0659432387312187 0.014414414414414415 
10 0.17529215358931552 0.2084084084084084 0.15358931552587646 0.013813813813813814 
11 0.15108514190317196 0.22402402402402402 0.06343906510851419 0.012012012012012012 
12 0.27212020033388984 0.22402402402402402 0.08514190317195326 0.012612612612612612 
13 0.24207011686143573 0.24504504504504504 0.2328881469115192 0.007807807807807808 
14 0.08764607679465776 0.3033033033033033 0.08514190317195326 0.007807807807807808 
15 0.08096828046744574 0.32552552552552555 0.07429048414023372 0.009009009009009009 
16 0.07846410684474124 0.3471471471471472 0.06928213689482471 0.009009009009009009 
17 0.24791318864774625 0.32432432432432434 0.07345575959933222 0.00960960960960961 
18 0.2570951585976628 0.3471471471471472 0.08764607679465776 0.009009009009009009 
19 0.13856427378964942 0.3813813813813814 0.08096828046744574 0.013813813813813814 
20 0.14023372287145242 0.3963963963963964 0.05008347245409015 0.012012012012012012 
21 0.17779632721202004 0.412012012012012 0.0642737896494157 0.012012012012012012 
22 0.2579298831385643 0.4402402402402402 0.045075125208681135 0.011411411411411412 
23 0.333889816360601 0.43963963963963965 0.04674457429048414 0.012012012012012012 
24 0.25125208681135225 0.45585585585585586 0.11435726210350584 0.01021021021021021 
25 0.11435726210350584 0.4690690690690691 0.045075125208681135 0.00960960960960961 
26 0.17529215358931552 0.4828828828828829 0.15358931552587646 0.012612612612612612 
27 0.27295492487479134 0.4966966966966967 0.08681135225375626 0.012612612612612612 
28 0.19532554257095158 0.5159159159159159 0.1318864774624374 0.013213213213213212 
29 0.1293823038397329 0.5411411411411411 0.0 0.0 
30 0.14774624373956594 0.5717717717717717 0.09265442404006678 0.010810810810810811 
31 0.1352253756260434 0.5873873873873874 0.0676126878130217 0.012012012012012012 
32 0.21535893155258765 0.6024024024024024 0.10517529215358931 0.013213213213213212 
33 0.16110183639398998 0.618018018018018 0.11936560934891485 0.00960960960960961 
34 0.27212020033388984 0.6324324324324324 0.08430717863105175 0.012012012012012012 
35 0.2353923205342237 0.6504504504504505 0.22287145242070117 0.007807807807807808 
36 0.22036727879799667 0.6648648648648648 0.08263772954924875 0.01021021021021021 
37 0.169449081803005 0.6804804804804805 0.011686143572621035 0.011411411411411412 
38 0.20534223706176963 0.6966966966966966 0.08848080133555926 0.012012012012012012 
39 0.1001669449081803 0.8678678678678678 0.12353923205342238 0.004804804804804805 
40 0.7445742904841403 0.17477477477477477 0.08096828046744574 0.012012012012012012 
41 0.7737896494156928 0.19039039039039038 0.14440734557595994 0.012612612612612612 
42 0.8030050083472454 0.2066066066066066 0.19699499165275458 0.013213213213213212 
43 0.7570951585976627 0.22402402402402402 0.0709515859766277 0.013213213213213212 
44 0.8797996661101837 0.22342342342342342 0.09432387312186978 0.014414414414414415 
45 0.8155258764607679 0.24264264264264265 0.17946577629382304 0.016216216216216217 
46 0.7145242070116862 0.3063063063063063 0.13772954924874792 0.012012012012012012 
47 0.6903171953255426 0.32732732732732733 0.09098497495826377 0.01021021021021021 
48 0.6811352253756261 0.3483483483483483 0.06928213689482471 0.00960960960960961 
49 0.8472454090150251 0.34894894894894896 0.06928213689482471 0.00960960960960961 
50 0.8497495826377296 0.3261261261261261 0.07345575959933222 0.01021021021021021 
51 0.7929883138564274 0.38078078078078076 0.18113522537562604 0.010810810810810811 
52 0.7429048414023373 0.3945945945945946 0.04674457429048414 0.010810810810810811 
53 0.7762938230383973 0.4096096096096096 0.05175292153589316 0.012012012012012012 
54 0.8580968280467446 0.44084084084084085 0.040901502504173626 0.00960960960960961 
55 0.9398998330550918 0.43963963963963965 0.052587646076794656 0.013213213213213212 
56 0.837228714524207 0.45465465465465466 0.07512520868113523 0.009009009009009009 
57 0.7570951585976627 0.4678678678678679 0.12020033388981637 0.01021021021021021 
58 0.7487479131886478 0.4828828828828829 0.09432387312186978 0.00960960960960961 
59 0.8714524207011686 0.4954954954954955 0.08597662771285476 0.012612612612612612 
60 0.843906510851419 0.5165165165165165 0.2303839732888147 0.007807807807807808 
61 0.7387312186978298 0.5417417417417417 0.008347245409015025 0.006606606606606606 
61 0.8213689482470785 0.5417417417417417 0.011686143572621035 0.007807807807807808 
62 0.7462437395659433 0.5711711711711712 0.09015025041736227 0.01021021021021021 
63 0.7387312186978298 0.5861861861861862 0.07595993322203673 0.012012012012012012 
64 0.8021702838063439 0.6024024024024024 0.08931552587646077 0.012012012012012012 
65 0.8130217028380634 0.6174174174174174 0.21702838063439064 0.012612612612612612 
66 0.8656093489148581 0.6324324324324324 0.07262103505843072 0.01021021021021021 
67 0.7813021702838063 0.6498498498498498 0.10684474123539232 0.012612612612612612 
68 0.8297161936560935 0.6642642642642642 0.0993322203672788 0.01021021021021021 
69 0.7787979966611018 0.6798798798798799 0.02337228714524207 0.01021021021021021 
70 0.8021702838063439 0.6948948948948949 0.08430717863105175 0.00960960960960961 
71 0.8873121869782972 0.8636636636636636 0.1352253756260434 0.009009009009009009 
6 0.6310517529215359 0.06966966966966967 0.009181969949916527 0.005405405405405406 
3 0.2303839732888147 0.11471471471471471 0.0 0.0 
72 0.1636060100166945 0.11711711711711711 0.008347245409015025 0.005405405405405406 
73 0.3739565943238731 0.2012012012012012 0.0 0.0 
74 0.3781302170283806 0.21501501501501502 0.012520868113522538 0.007807807807807808 
75 0.3814691151919866 0.24024024024024024 0.015025041736227046 0.009009009009009009 
76 0.3739565943238731 0.2594594594594595 0.0 0.0 
77 0.3739565943238731 0.2876876876876877 0.0 0.0 
78 0.3756260434056761 0.31471471471471474 0.0 0.0 
79 0.3739565943238731 0.3441441441441441 0.0 0.0 
80 0.3739565943238731 0.372972972972973 0.0 0.0 
81 0.3739565943238731 0.4114114114114114 0.0 0.0 
82 0.3789649415692821 0.44204204204204206 0.01001669449081803 0.007207207207207207 
83 0.3747913188647746 0.45885885885885885 0.0 0.0 
84 0.3739565943238731 0.47807807807807806 0.0 0.0 
85 0.3739565943238731 0.4990990990990991 0.0 0.0 
86 0.3756260434056761 0.5159159159159159 0.0 0.0 
87 0.3722871452420701 0.5369369369369369 0.0 0.0 
88 0.3814691151919866 0.5657657657657658 0.015859766277128547 0.011411411411411412 
89 0.37145242070116863 0.5945945945945946 0.0 0.0 
90 0.3739565943238731 0.6246246246246246 0.0 0.0 
91 0.6076794657762938 0.6234234234234234 0.0 0.0 
92 0.6193656093489148 0.5951951951951951 0.017529215358931552 0.010810810810810811 
93 0.6118530884808013 0.5663663663663664 0.0 0.0 
94 0.6101836393989983 0.5381381381381382 0.0 0.0 
95 0.6118530884808013 0.5165165165165165 0.0 0.0 
96 0.6110183639398998 0.5009009009009009 0.0 0.0 
97 0.6185308848080133 0.47927927927927927 0.015859766277128547 0.011411411411411412 
98 0.6176961602671118 0.4594594594594595 0.01335559265442404 0.010810810810810811 
99 0.6093489148580968 0.44084084084084085 0.0 0.0 
100 0.6101836393989983 0.4126126126126126 0.0 0.0 
101 0.6118530884808013 0.3741741741741742 0.0 0.0 
102 0.6160267111853088 0.34654654654654654 0.014190317195325543 0.010810810810810811 
103 0.6110183639398998 0.3165165165165165 0.0 0.0 
104 0.6176961602671118 0.28888888888888886 0.015025041736227046 0.009009009009009009 
105 0.6126878130217028 0.26006006006006005 0.0 0.0 
106 0.6168614357262103 0.23963963963963963 0.014190317195325543 0.009009009009009009 
107 0.6151919866444073 0.21501501501501502 0.012520868113522538 0.00960960960960961 
108 0.6168614357262103 0.2018018018018018 0.01001669449081803 0.007207207207207207 
29 0.21786310517529214 0.542942942942943 0.01001669449081803 0.006006006006006006 
