0 0.08764607679465776 0.06966966966966967 0.10517529215358931 0.012612612612612612 
1 0.22203672787979967 0.07087087087087086 0.0709515859766277 0.010810810810810811 
2 0.333889816360601 0.07027027027027027 0.08013355592654424 0.007807807807807808 
3 0.31552587646076796 0.11651651651651651 0.0 0.0 
4 0.08013355592654424 0.11711711711711711 0.012520868113522538 0.008408408408408409 
5 0.4716193656093489 0.06966966966966967 0.18697829716193656 0.007807807807807808 
6 0.7136894824707847 0.06966966966966967 0.012520868113522538 0.009009009009009009 
7 0.5667779632721202 0.0996996996996997 0.4065108514190317 0.014414414414414415 
8 0.16110183639398998 0.17477477477477477 0.12604340567612687 0.011411411411411412 
9 0.15442404006677796 0.19039039039039038 0.11769616026711185 0.014414414414414415 
10 0.2270450751252087 0.209009009009009 0.2579298831385643 0.012612612612612612 
11 0.15859766277128548 0.22522522522522523 0.07929883138564274 0.009009009009009009 
12 0.27963272120200333 0.22462462462462462 0.1001669449081803 0.012012012012012012 
13 0.24207011686143573 0.24264264264264265 0.23205342237061768 0.012612612612612612 
14 0.12020033388981637 0.3039039039039039 0.15025041736227046 0.007207207207207207 
15 0.08263772954924875 0.3261261261261261 0.07679465776293823 0.007807807807807808 
16 0.08597662771285476 0.3471471471471472 0.08347245409015025 0.00960960960960961 
17 0.27128547579298834 0.32432432432432434 0.12020033388981637 0.00960960960960961 
18 0.25375626043405675 0.34654654654654654 0.08096828046744574 0.01021021021021021 
19 0.12771285475792987 0.3813813813813814 0.05843071786310518 0.014414414414414415 
20 0.15108514190317196 0.39579579579579577 0.07262103505843072 0.012612612612612612 
21 0.18280467445742904 0.412012012012012 0.07345575959933222 0.012012012012012012 
22 0.2587646076794658 0.43963963963963965 0.04674457429048414 0.013213213213213212 
23 0.333889816360601 0.4402402402402402 0.04674457429048414 0.01021021021021021 
24 0.24624373956594323 0.45585585585585586 0.10434056761268781 0.010810810810810811 
25 0.1285475792988314 0.4690690690690691 0.07345575959933222 0.00960960960960961 
26 0.22537562604340566 0.48348348348348347 0.25375626043405675 0.011411411411411412 
27 0.27963272120200333 0.4972972972972973 0.1001669449081803 0.012012012012012012 
28 0.20951585976627712 0.5159159159159159 0.16026711185308848 0.013213213213213212 
29 0.13606010016694492 0.5423423423423424 0.014190317195325543 0.009009009009009009 
30 0.14607679465776294 0.5717717717717717 0.08931552587646077 0.01021021021021021 
31 0.167779632721202 0.5873873873873874 0.1327212020033389 0.012012012012012012 
32 0.21535893155258765 0.6024024024024024 0.10601001669449082 0.012612612612612612 
33 0.164440734557596 0.6174174174174174 0.12520868113522537 0.01021021021021021 
34 0.28297161936560933 0.6324324324324324 0.10601001669449082 0.011411411411411412 
35 0.19031719532554256 0.6486486486486487 0.1327212020033389 0.012012012012012012 
36 0.24373956594323873 0.6648648648648648 0.1285475792988314 0.01021021021021021 
37 0.17863105175292154 0.6804804804804805 0.030884808013355594 0.012012012012012012 
38 0.21702838063439064 0.6960960960960961 0.11185308848080133 0.012612612612612612 
39 0.09599332220367279 0.8654654654654654 0.11602671118530884 0.00960960960960961 
40 0.7779632721202003 0.17477477477477477 0.14691151919866444 0.012012012012012012 
41 0.7537562604340567 0.19099099099099098 0.10350584307178631 0.012012012012012012 
42 0.7946577629382304 0.2066066066066066 0.18030050083472454 0.012612612612612612 
43 0.7595993322203672 0.22522522522522523 0.07512520868113523 0.010810810810810811 
44 0.8939899833055092 0.2228228228228228 0.12270450751252086 0.015015015015015015 
45 0.8263772954924875 0.24324324324324326 0.2011686143572621 0.015015015015015015 
46 0.7145242070116862 0.3087087087087087 0.13689482470784642 0.007207207207207207 
47 0.6828046744574291 0.32732732732732733 0.07512520868113523 0.010810810810810811 
48 0.6869782971619366 0.3483483483483483 0.08096828046744574 0.00960960960960961 
49 0.8580968280467446 0.3483483483483483 0.09015025041736227 0.01021021021021021 
50 0.8572621035058431 0.3267267267267267 0.08931552587646077 0.00960960960960961 
51 0.7737896494156928 0.38078078078078076 0.14273789649415694 0.010810810810810811 
52 0.7504173622704507 0.3945945945945946 0.06176961602671119 0.010810810810810811 
53 0.7971619365609349 0.4096096096096096 0.09432387312186978 0.011411411411411412 
54 0.8597662771285476 0.439039039039039 0.04340567612687813 0.013213213213213212 
55 0.9373956594323873 0.44084084084084085 0.04674457429048414 0.01021021021021021 
56 0.8781302170283807 0.45525525525525523 0.15776293823038398 0.007807807807807808 
57 0.7813021702838063 0.46846846846846846 0.1686143572621035 0.009009009009009009 
58 0.7904841402337228 0.4828828828828829 0.17779632721202004 0.00960960960960961 
59 0.8789649415692822 0.4960960960960961 0.1001669449081803 0.012012012012012012 
60 0.8180300500834724 0.5141141141141141 0.17946577629382304 0.012612612612612612 
61 0.7404006677796328 0.5417417417417417 0.011686143572621035 0.007207207207207207 
61 0.8196994991652755 0.542942942942943 0.009181969949916527 0.006006006006006006 
62 0.7687813021702838 0.5711711711711712 0.1352253756260434 0.01021021021021021 
63 0.7495826377295493 0.5861861861861862 0.09682804674457429 0.011411411411411412 
64 0.8038397328881469 0.6024024024024024 0.09181969949916527 0.011411411411411412 
65 0.8055091819699499 0.618018018018018 0.2028380634390651 0.012012012012012012 
66 0.8706176961602671 0.633033033033033 0.08263772954924875 0.00960960960960961 
67 0.8430717863105175 0.6504504504504505 0.2303839732888147 0.011411411411411412 
68 0.8397328881469115 0.6648648648648648 0.11853088480801335 0.009009009009009009 
69 0.7904841402337228 0.6792792792792792 0.04674457429048414 0.011411411411411412 
70 0.8046744574290484 0.6948948948948949 0.08931552587646077 0.00960960960960961 
71 0.8856427378964942 0.8666666666666667 0.1318864774624374 0.0036036036036036037 
6 0.6327212020033389 0.06906906906906907 0.012520868113522538 0.006606606606606606 
3 0.2303839732888147 0.11651651651651651 0.0 0.0 
72 0.164440734557596 0.11711711711711711 0.01001669449081803 0.005405405405405406 
73 0.3823038397328882 0.2024024024024024 0.01669449081803005 0.00960960960960961 
74 0.3781302170283806 0.21501501501501502 0.011686143572621035 0.008408408408408409 
75 0.3806343906510851 0.24024024024024024 0.01335559265442404 0.009009009009009009 
76 0.3823038397328882 0.2606606606606607 0.01669449081803005 0.00960960960960961 
77 0.3739565943238731 0.2894894894894895 0.0 0.0 
78 0.3756260434056761 0.3165165165165165 0.0 0.0 
79 0.3739565943238731 0.34594594594594597 0.0 0.0 
80 0.3814691151919866 0.3747747747747748 0.015025041736227046 0.007807807807807808 
81 0.3814691151919866 0.412012012012012 0.015025041736227046 0.01021021021021021 
82 0.3797996661101836 0.44144144144144143 0.012520868113522538 0.008408408408408409 
83 0.3823038397328882 0.46066066066066064 0.015859766277128547 0.008408408408408409 
84 0.3739565943238731 0.4798798798798799 0.0 0.0 
85 0.3739565943238731 0.5009009009009009 0.0 0.0 
86 0.3756260434056761 0.5177177177177177 0.0 0.0 
87 0.3722871452420701 0.5387387387387388 0.0 0.0 
88 0.38397328881469117 0.5663663663663664 0.020868113522537562 0.010810810810810811 
89 0.37145242070116863 0.5963963963963964 0.0 0.0 
90 0.3814691151919866 0.6276276276276276 0.015025041736227046 0.006006006006006006 
91 0.6168614357262103 0.6228228228228229 0.018363939899833055 0.012612612612612612 
92 0.6110183639398998 0.5963963963963964 0.0 0.0 
93 0.6202003338898163 0.5663663663663664 0.017529215358931552 0.011411411411411412 
94 0.6185308848080133 0.5381381381381382 0.01669449081803005 0.011411411411411412 
95 0.6118530884808013 0.5183183183183183 0.0 0.0 
96 0.6210350584307178 0.5015015015015015 0.020868113522537562 0.010810810810810811 
97 0.6185308848080133 0.4804804804804805 0.015025041736227046 0.00960960960960961 
98 0.6110183639398998 0.46066066066066064 0.0 0.0 
99 0.6093489148580968 0.44264264264264264 0.0 0.0 
100 0.6101836393989983 0.4144144144144144 0.0 0.0 
101 0.6118530884808013 0.375975975975976 0.0 0.0 
102 0.6176961602671118 0.34594594594594597 0.017529215358931552 0.011411411411411412 
103 0.6110183639398998 0.3183183183183183 0.0 0.0 
104 0.6176961602671118 0.2882882882882883 0.015859766277128547 0.01021021021021021 
105 0.6126878130217028 0.2618618618618619 0.0 0.0 
106 0.6176961602671118 0.23963963963963963 0.015859766277128547 0.009009009009009009 
107 0.6176961602671118 0.21501501501501502 0.01669449081803005 0.00960960960960961 
108 0.6176961602671118 0.2012012012012012 0.012520868113522538 0.008408408408408409 
29 0.21285475792988315 0.5417417417417417 0.0 0.0 
