0 0.09098497495826377 0.07027027027027027 0.11185308848080133 0.012012012012012012 
1 0.22454090150250416 0.07147147147147147 0.07512520868113523 0.009009009009009009 
2 0.3297161936560935 0.06786786786786787 0.07262103505843072 0.012612612612612612 
3 0.32136894824707846 0.11651651651651651 0.012520868113522538 0.008408408408408409 
4 0.07429048414023372 0.11711711711711711 0.0 0.0 
5 0.4532554257095159 0.06726726726726727 0.15108514190317196 0.012012012012012012 
6 0.7078464106844741 0.07027027027027027 0.0 0.0 
7 0.5183639398998331 0.0990990990990991 0.3088480801335559 0.015015015015015015 
8 0.13689482470784642 0.17477477477477477 0.07762938230383973 0.012012012012012012 
9 0.15191986644407346 0.19039039039039038 0.11185308848080133 0.014414414414414415 
10 0.2011686143572621 0.20960960960960962 0.20534223706176963 0.012012012012012012 
11 0.15859766277128548 0.22522522522522523 0.07929883138564274 0.00960960960960961 
12 0.2671118530884808 0.22402402402402402 0.07512520868113523 0.012612612612612612 
13 0.24373956594323873 0.24384384384384383 0.2362270450751252 0.010810810810810811 
14 0.11853088480801335 0.3027027027027027 0.14774624373956594 0.009009009009009009 
15 0.08013355592654424 0.3261261261261261 0.07178631051752922 0.008408408408408409 
16 0.07262103505843072 0.34654654654654654 0.05759599332220367 0.009009009009009009 
17 0.2378964941569282 0.3249249249249249 0.05425709515859766 0.008408408408408409 
18 0.2353923205342237 0.34774774774774775 0.04340567612687813 0.007807807807807808 
19 0.1419031719532554 0.3813813813813814 0.08681135225375626 0.013813813813813814 
20 0.14691151919866444 0.39579579579579577 0.0642737896494157 0.012612612612612612 
21 0.19031719532554256 0.412012012012012 0.08931552587646077 0.012012012012012012 
22 0.25375626043405675 0.4402402402402402 0.037562604340567615 0.012012012012012012 
23 0.328881469115192 0.439039039039039 0.037562604340567615 0.012612612612612612 
24 0.24207011686143573 0.45525525525525523 0.09599332220367279 0.011411411411411412 
25 0.12103505843071787 0.4690690690690691 0.05926544240400668 0.009009009009009009 
26 0.19782971619365608 0.48348348348348347 0.1986644407345576 0.012012012012012012 
27 0.2662771285475793 0.4966966966966967 0.07345575959933222 0.012012012012012012 
28 0.2303839732888147 0.5153153153153153 0.2028380634390651 0.013813813813813814 
29 0.13689482470784642 0.542942942942943 0.015859766277128547 0.008408408408408409 
30 0.1310517529215359 0.5717717717717717 0.05926544240400668 0.01021021021021021 
31 0.15609348914858096 0.5873873873873874 0.10934891485809682 0.012012012012012012 
32 0.21619365609348914 0.6024024024024024 0.10684474123539232 0.013213213213213212 
33 0.15859766277128548 0.6174174174174174 0.11352253756260434 0.01021021021021021 
34 0.2679465776293823 0.6318318318318318 0.07512520868113523 0.012612612612612612 
35 0.22454090150250416 0.6492492492492492 0.2011686143572621 0.010810810810810811 
36 0.24123539232053423 0.6654654654654655 0.12437395659432388 0.00960960960960961 
37 0.17779632721202004 0.6810810810810811 0.02921535893155259 0.010810810810810811 
38 0.22203672787979967 0.6966966966966966 0.12270450751252086 0.011411411411411412 
39 0.09849749582637729 0.8648648648648649 0.12103505843071787 0.01021021021021021 
40 0.7387312186978298 0.17537537537537537 0.06928213689482471 0.01021021021021021 
41 0.7520868113522537 0.19039039039039038 0.1010016694490818 0.012612612612612612 
42 0.7963272120200334 0.2066066066066066 0.18447412353923207 0.012612612612612612 
43 0.7595993322203672 0.22522522522522523 0.07595993322203673 0.01021021021021021 
44 0.8772954924874792 0.2228228228228228 0.08931552587646077 0.015015015015015015 
45 0.833889816360601 0.24324324324324326 0.21535893155258765 0.015015015015015015 
46 0.7120200333889817 0.3057057057057057 0.1327212020033389 0.011411411411411412 
47 0.6719532554257095 0.32732732732732733 0.05425709515859766 0.010810810810810811 
48 0.6752921535893155 0.3483483483483483 0.05676126878130217 0.00960960960960961 
49 0.8480801335559266 0.3483483483483483 0.07011686143572621 0.01021021021021021 
50 0.8597662771285476 0.3267267267267267 0.09432387312186978 0.009009009009009009 
51 0.7529215358931552 0.3801801801801802 0.1010016694490818 0.01021021021021021 
52 0.7454090150250418 0.3951951951951952 0.052587646076794656 0.00960960960960961 
53 0.7854757929883138 0.4096096096096096 0.0709515859766277 0.011411411411411412 
54 0.8597662771285476 0.4402402402402402 0.04340567612687813 0.010810810810810811 
55 0.9373956594323873 0.44144144144144143 0.04757929883138564 0.00960960960960961 
56 0.8480801335559266 0.45525525525525523 0.09682804674457429 0.008408408408408409 
57 0.7161936560934892 0.4690690690690691 0.03923205342237062 0.008408408408408409 
58 0.7821368948247078 0.48228228228228226 0.16026711185308848 0.010810810810810811 
59 0.8656093489148581 0.4954954954954955 0.07345575959933222 0.012012012012012012 
60 0.8105175292153589 0.5147147147147147 0.164440734557596 0.012012012012012012 
61 0.7345575959933222 0.5411411411411411 0.0 0.0 
61 0.8155258764607679 0.5417417417417417 0.0 0.0 
62 0.7345575959933222 0.5711711711711712 0.0676126878130217 0.01021021021021021 
63 0.7328881469115192 0.5861861861861862 0.0642737896494157 0.011411411411411412 
64 0.8013355592654424 0.6024024024024024 0.08681135225375626 0.011411411411411412 
65 0.7545909849749582 0.6174174174174174 0.1001669449081803 0.012612612612612612 
66 0.8589315525876461 0.633033033033033 0.05843071786310518 0.007207207207207207 
67 0.8414023372287145 0.6492492492492492 0.2278797996661102 0.013813813813813814 
68 0.842237061769616 0.6642642642642642 0.12437395659432388 0.01021021021021021 
69 0.7762938230383973 0.6804804804804805 0.018363939899833055 0.00960960960960961 
70 0.8055091819699499 0.6948948948948949 0.09098497495826377 0.00960960960960961 
71 0.8806343906510852 0.8642642642642643 0.12186978297161936 0.008408408408408409 
6 0.6268781302170284 0.06846846846846846 0.0 0.0 
3 0.2303839732888147 0.11651651651651651 0.0 0.0 
72 0.1636060100166945 0.11711711711711711 0.008347245409015025 0.006006006006006006 
73 0.3814691151919866 0.2018018018018018 0.015025041736227046 0.01021021021021021 
74 0.3789649415692821 0.21501501501501502 0.01335559265442404 0.008408408408408409 
75 0.3739565943238731 0.24084084084084084 0.0 0.0 
76 0.3814691151919866 0.26006006006006005 0.015859766277128547 0.01021021021021021 
77 0.3814691151919866 0.2882882882882883 0.015859766277128547 0.01021021021021021 
78 0.3814691151919866 0.3165165165165165 0.012520868113522538 0.008408408408408409 
79 0.3739565943238731 0.34594594594594597 0.0 0.0 
80 0.3797996661101836 0.3747747747747748 0.012520868113522538 0.008408408408408409 
81 0.3739565943238731 0.4132132132132132 0.0 0.0 
82 0.3739565943238731 0.44144144144144143 0.0 0.0 
83 0.3831385642737897 0.46066066066066064 0.017529215358931552 0.008408408408408409 
84 0.3739565943238731 0.4798798798798799 0.0 0.0 
85 0.3739565943238731 0.5009009009009009 0.0 0.0 
86 0.3756260434056761 0.5177177177177177 0.0 0.0 
87 0.3806343906510851 0.5369369369369369 0.01669449081803005 0.011411411411411412 
88 0.3823038397328882 0.5663663663663664 0.017529215358931552 0.010810810810810811 
89 0.37145242070116863 0.5963963963963964 0.0 0.0 
90 0.3814691151919866 0.6258258258258258 0.015025041736227046 0.00960960960960961 
91 0.6076794657762938 0.6252252252252253 0.0 0.0 
92 0.6185308848080133 0.5957957957957958 0.015025041736227046 0.00960960960960961 
93 0.6202003338898163 0.5663663663663664 0.01669449081803005 0.011411411411411412 
94 0.6185308848080133 0.5387387387387388 0.017529215358931552 0.010810810810810811 
95 0.6210350584307178 0.5177177177177177 0.019198664440734557 0.00960960960960961 
96 0.6202003338898163 0.5015015015015015 0.018363939899833055 0.010810810810810811 
97 0.6202003338898163 0.4804804804804805 0.018363939899833055 0.00960960960960961 
98 0.6110183639398998 0.46066066066066064 0.0 0.0 
99 0.6185308848080133 0.44204204204204206 0.019198664440734557 0.00960960960960961 
100 0.6101836393989983 0.4144144144144144 0.0 0.0 
101 0.6185308848080133 0.37537537537537535 0.014190317195325543 0.009009009009009009 
102 0.6093489148580968 0.34774774774774775 0.0 0.0 
103 0.6110183639398998 0.3183183183183183 0.0 0.0 
104 0.6101836393989983 0.2894894894894895 0.0 0.0 
105 0.6193656093489148 0.26126126126126126 0.01335559265442404 0.009009009009009009 
106 0.6176961602671118 0.24024024024024024 0.015025041736227046 0.008408408408408409 
107 0.6093489148580968 0.21561561561561562 0.0 0.0 
108 0.6118530884808013 0.2012012012012012 0.0 0.0 
29 0.21786310517529214 0.542942942942943 0.010851419031719533 0.006006006006006006 
