0 0.1018363939899833 0.07027027027027027 0.1335559265442404 0.012012012012012012 
1 0.22454090150250416 0.07027027027027027 0.07512520868113523 0.011411411411411412 
2 0.337228714524207 0.06906906906906907 0.08764607679465776 0.01021021021021021 
3 0.32220367278797996 0.11651651651651651 0.01335559265442404 0.008408408408408409 
4 0.08096828046744574 0.11651651651651651 0.01335559265442404 0.00960960960960961 
5 0.4565943238731219 0.06846846846846846 0.15692821368948248 0.010810810810810811 
6 0.7078464106844741 0.07027027027027027 0.0 0.0 
7 0.5242070116861436 0.1009009009009009 0.32053422370617696 0.012012012012012012 
8 0.1310517529215359 0.17477477477477477 0.0659432387312187 0.011411411411411412 
9 0.1352253756260434 0.19099099099099098 0.07846410684474124 0.013213213213213212 
10 0.18614357262103506 0.209009009009009 0.17529215358931552 0.012612612612612612 
11 0.15776293823038398 0.22462462462462462 0.07762938230383973 0.010810810810810811 
12 0.27295492487479134 0.22522522522522523 0.08681135225375626 0.01021021021021021 
13 0.2671118530884808 0.24444444444444444 0.28297161936560933 0.00960960960960961 
14 0.10601001669449082 0.3033033033033033 0.12270450751252086 0.007807807807807808 
15 0.08681135225375626 0.3261261261261261 0.08597662771285476 0.007807807807807808 
16 0.08764607679465776 0.34774774774774775 0.08764607679465776 0.008408408408408409 
17 0.24874791318864775 0.32432432432432434 0.07595993322203673 0.00960960960960961 
18 0.2570951585976628 0.3471471471471472 0.08681135225375626 0.009009009009009009 
19 0.21869782971619364 0.3813813813813814 0.24040066777963273 0.013813813813813814 
20 0.14858096828046743 0.39579579579579577 0.0667779632721202 0.012612612612612612 
21 0.19616026711185308 0.412012012012012 0.1001669449081803 0.011411411411411412 
22 0.2570951585976628 0.43963963963963965 0.04340567612687813 0.013213213213213212 
23 0.332220367278798 0.439039039039039 0.04424040066777963 0.012612612612612612 
24 0.2671118530884808 0.45525525525525523 0.14607679465776294 0.012012012012012012 
25 0.15442404006677796 0.46846846846846846 0.12520868113522537 0.01021021021021021 
26 0.16193656093489148 0.4828828828828829 0.12687813021702837 0.012612612612612612 
27 0.27462437395659434 0.4966966966966967 0.09098497495826377 0.012612612612612612 
28 0.25459098497495825 0.5183183183183183 0.25041736227045075 0.008408408408408409 
29 0.13689482470784642 0.542942942942943 0.015025041736227046 0.007807807807807808 
30 0.13606010016694492 0.5717717717717717 0.06844741235392321 0.01021021021021021 
31 0.14357262103505844 0.587987987987988 0.08430717863105175 0.01021021021021021 
32 0.2370617696160267 0.603003003003003 0.14858096828046743 0.011411411411411412 
33 0.19699499165275458 0.618018018018018 0.19031719532554256 0.00960960960960961 
34 0.27378964941569284 0.633033033033033 0.08681135225375626 0.01021021021021021 
35 0.2579298831385643 0.648048048048048 0.2679465776293823 0.012612612612612612 
36 0.2370617696160267 0.6648648648648648 0.11602671118530884 0.01021021021021021 
37 0.17612687813021702 0.6804804804804805 0.025041736227045076 0.011411411411411412 
38 0.21869782971619364 0.6966966966966966 0.11519198664440734 0.012012012012012012 
39 0.11602671118530884 0.8666666666666667 0.15525876460767946 0.006606606606606606 
40 0.7512520868113522 0.17537537537537537 0.09432387312186978 0.01021021021021021 
41 0.7362270450751253 0.19099099099099098 0.06928213689482471 0.012012012012012012 
42 0.7679465776293823 0.2072072072072072 0.12687813021702837 0.012012012012012012 
43 0.7595993322203672 0.22582582582582583 0.07595993322203673 0.00960960960960961 
44 0.8923205342237062 0.2228228228228228 0.11936560934891485 0.015615615615615615 
45 0.8071786310517529 0.24264264264264265 0.16193656093489148 0.016216216216216217 
46 0.7103505843071787 0.3063063063063063 0.1285475792988314 0.011411411411411412 
47 0.6894824707846411 0.3279279279279279 0.08931552587646077 0.00960960960960961 
48 0.6894824707846411 0.34774774774774775 0.08597662771285476 0.01021021021021021 
49 0.8555926544240401 0.3483483483483483 0.08514190317195326 0.01021021021021021 
50 0.8514190317195326 0.3267267267267267 0.07762938230383973 0.00960960960960961 
51 0.7337228714524207 0.3813813813813814 0.06260434056761269 0.00960960960960961 
52 0.7570951585976627 0.3951951951951952 0.07595993322203673 0.00960960960960961 
53 0.7813021702838063 0.409009009009009 0.06176961602671119 0.012612612612612612 
54 0.8580968280467446 0.44204204204204206 0.04006677796327212 0.006606606606606606 
55 0.9357262103505843 0.44144144144144143 0.04340567612687813 0.009009009009009009 
56 0.83889816360601 0.45465465465465466 0.07846410684474124 0.009009009009009009 
57 0.7637729549248747 0.4678678678678679 0.1335559265442404 0.010810810810810811 
58 0.7854757929883138 0.4828828828828829 0.1669449081803005 0.00960960960960961 
59 0.8714524207011686 0.4972972972972973 0.08597662771285476 0.00960960960960961 
60 0.8113522537562604 0.5147147147147147 0.166110183639399 0.012012012012012012 
61 0.7345575959933222 0.5411411411411411 0.0 0.0 
61 0.8155258764607679 0.5417417417417417 0.0 0.0 
62 0.7846410684474123 0.5717717717717717 0.1669449081803005 0.00960960960960961 
63 0.7404006677796328 0.5861861861861862 0.07846410684474124 0.012012012012012012 
64 0.8247078464106845 0.6024024024024024 0.1343906510851419 0.012012012012012012 
65 0.7938230383973289 0.618018018018018 0.17946577629382304 0.011411411411411412 
66 0.8731218697829716 0.633033033033033 0.08681135225375626 0.00960960960960961 
67 0.8038397328881469 0.6498498498498498 0.15275459098497496 0.013213213213213212 
68 0.835559265442404 0.6648648648648648 0.11018363939899833 0.00960960960960961 
69 0.7787979966611018 0.6792792792792792 0.024207011686143573 0.012012012012012012 
70 0.8188647746243739 0.6948948948948949 0.11686143572621036 0.00960960960960961 
71 0.8973288814691152 0.8654654654654654 0.15609348914858096 0.005405405405405406 
6 0.6327212020033389 0.06906906906906907 0.012520868113522538 0.006606606606606606 
3 0.2303839732888147 0.11651651651651651 0.0 0.0 
72 0.1636060100166945 0.11711711711711711 0.008347245409015025 0.006006006006006006 
73 0.3823038397328882 0.2012012012012012 0.017529215358931552 0.011411411411411412 
74 0.3789649415692821 0.21561561561561562 0.01335559265442404 0.007207207207207207 
75 0.3739565943238731 0.24084084084084084 0.0 0.0 
76 0.3831385642737897 0.2606606606606607 0.019198664440734557 0.00960960960960961 
77 0.3823038397328882 0.28888888888888886 0.01669449081803005 0.009009009009009009 
78 0.3756260434056761 0.3165165165165165 0.0 0.0 
79 0.3823038397328882 0.34534534534534533 0.01669449081803005 0.009009009009009009 
80 0.3789649415692821 0.3747747747747748 0.010851419031719533 0.007807807807807808 
81 0.3814691151919866 0.412012012012012 0.015025041736227046 0.010810810810810811 
82 0.3797996661101836 0.44204204204204206 0.012520868113522538 0.007207207207207207 
83 0.3806343906510851 0.46006006006006006 0.012520868113522538 0.009009009009009009 
84 0.3739565943238731 0.4798798798798799 0.0 0.0 
85 0.3739565943238731 0.5009009009009009 0.0 0.0 
86 0.3756260434056761 0.5177177177177177 0.0 0.0 
87 0.3722871452420701 0.5387387387387388 0.0 0.0 
88 0.3823038397328882 0.5657657657657658 0.017529215358931552 0.011411411411411412 
89 0.37145242070116863 0.5963963963963964 0.0 0.0 
90 0.3739565943238731 0.6264264264264264 0.0 0.0 
91 0.6168614357262103 0.624024024024024 0.018363939899833055 0.01021021021021021 
92 0.6210350584307178 0.5951951951951951 0.02003338898163606 0.010810810810810811 
93 0.6118530884808013 0.5681681681681682 0.0 0.0 
94 0.6176961602671118 0.5381381381381382 0.015859766277128547 0.011411411411411412 
95 0.6185308848080133 0.5171171171171172 0.014190317195325543 0.01021021021021021 
96 0.6110183639398998 0.5027027027027027 0.0 0.0 
97 0.6110183639398998 0.4810810810810811 0.0 0.0 
98 0.6185308848080133 0.4594594594594595 0.015025041736227046 0.01021021021021021 
99 0.6176961602671118 0.44144144144144143 0.017529215358931552 0.01021021021021021 
100 0.6176961602671118 0.4138138138138138 0.015859766277128547 0.009009009009009009 
101 0.6176961602671118 0.3747747747747748 0.012520868113522538 0.01021021021021021 
102 0.6193656093489148 0.34654654654654654 0.02003338898163606 0.010810810810810811 
103 0.6110183639398998 0.3183183183183183 0.0 0.0 
104 0.6101836393989983 0.2894894894894895 0.0 0.0 
105 0.6210350584307178 0.2606606606606607 0.017529215358931552 0.01021021021021021 
106 0.6168614357262103 0.24024024024024024 0.014190317195325543 0.007807807807807808 
107 0.6160267111853088 0.21501501501501502 0.014190317195325543 0.00960960960960961 
108 0.6118530884808013 0.2012012012012012 0.0 0.0 
29 0.21285475792988315 0.5417417417417417 0.0 0.0 
