0 0.09348914858096828 0.06966966966966967 0.11686143572621036 0.012612612612612612 
1 0.22287145242070117 0.06966966966966967 0.07178631051752922 0.013213213213213212 
2 0.333889816360601 0.06966966966966967 0.08013355592654424 0.00960960960960961 
3 0.32136894824707846 0.11651651651651651 0.011686143572621035 0.008408408408408409 
4 0.08096828046744574 0.11711711711711711 0.01335559265442404 0.007807807807807808 
5 0.43989983305509184 0.06726726726726727 0.12353923205342238 0.013213213213213212 
6 0.7136894824707847 0.06966966966966967 0.012520868113522538 0.009009009009009009 
7 0.5592654424040067 0.0990990990990991 0.39065108514190316 0.015015015015015015 
8 0.15859766277128548 0.17597597597597597 0.12020033388981637 0.00960960960960961 
9 0.12437395659432388 0.19039039039039038 0.05759599332220367 0.013813813813813814 
10 0.18447412353923207 0.20960960960960962 0.17195325542570952 0.012012012012012012 
11 0.15943238731218698 0.22522522522522523 0.08096828046744574 0.00960960960960961 
12 0.2913188647746244 0.22462462462462462 0.12437395659432388 0.012012012012012012 
13 0.24040066777963273 0.24324324324324326 0.2287145242070117 0.011411411411411412 
14 0.11352253756260434 0.3033033033033033 0.13772954924874792 0.008408408408408409 
15 0.08764607679465776 0.3261261261261261 0.08764607679465776 0.008408408408408409 
16 0.08514190317195326 0.34654654654654654 0.08263772954924875 0.01021021021021021 
17 0.25459098497495825 0.32432432432432434 0.08764607679465776 0.00960960960960961 
18 0.25459098497495825 0.3471471471471472 0.08180300500834725 0.00960960960960961 
19 0.1636060100166945 0.3813813813813814 0.1302170283806344 0.013813813813813814 
20 0.15191986644407346 0.39579579579579577 0.07345575959933222 0.012612612612612612 
21 0.17612687813021702 0.412012012012012 0.06010016694490818 0.012012012012012012 
22 0.2570951585976628 0.44144144144144143 0.04340567612687813 0.009009009009009009 
23 0.3347245409015025 0.43963963963963965 0.048414023372287146 0.011411411411411412 
24 0.27712854757929883 0.45645645645645644 0.1652754590984975 0.00960960960960961 
25 0.14273789649415694 0.46846846846846846 0.10267111853088481 0.01021021021021021 
26 0.21368948247078465 0.4828828828828829 0.2303839732888147 0.012612612612612612 
27 0.27963272120200333 0.4966966966966967 0.1001669449081803 0.012612612612612612 
28 0.2278797996661102 0.5159159159159159 0.19782971619365608 0.013213213213213212 
29 0.13772954924874792 0.5423423423423424 0.01669449081803005 0.009009009009009009 
30 0.1419031719532554 0.5723723723723724 0.08013355592654424 0.00960960960960961 
31 0.14858096828046743 0.5873873873873874 0.09348914858096828 0.012012012012012012 
32 0.21619365609348914 0.6024024024024024 0.10684474123539232 0.012612612612612612 
33 0.19365609348914858 0.6174174174174174 0.18447412353923207 0.010810810810810811 
34 0.27963272120200333 0.6318318318318318 0.0993322203672788 0.012612612612612612 
35 0.19282136894824708 0.6492492492492492 0.13689482470784642 0.010810810810810811 
36 0.24123539232053423 0.6648648648648648 0.12437395659432388 0.01021021021021021 
37 0.17779632721202004 0.6804804804804805 0.02921535893155259 0.012012012012012012 
38 0.20784641068447413 0.6960960960960961 0.09432387312186978 0.012612612612612612 
39 0.10517529215358931 0.8678678678678678 0.1335559265442404 0.004804804804804805 
40 0.8071786310517529 0.17477477477477477 0.20534223706176963 0.011411411411411412 
41 0.7587646076794657 0.19099099099099098 0.11352253756260434 0.011411411411411412 
42 0.7988313856427379 0.2072072072072072 0.18948247078464106 0.011411411411411412 
43 0.7587646076794657 0.22522522522522523 0.07429048414023372 0.010810810810810811 
44 0.8948247078464107 0.22342342342342342 0.12353923205342238 0.013813813813813814 
45 0.840567612687813 0.24564564564564564 0.2295492487479132 0.010810810810810811 
46 0.7195325542570952 0.3069069069069069 0.14774624373956594 0.01021021021021021 
47 0.6953255425709516 0.32732732732732733 0.1010016694490818 0.01021021021021021 
48 0.6769616026711185 0.3483483483483483 0.06093489148580968 0.009009009009009009 
49 0.8589315525876461 0.3483483483483483 0.09265442404006678 0.010810810810810811 
50 0.8539232053422371 0.3261261261261261 0.08180300500834725 0.01021021021021021 
51 0.7545909849749582 0.38078078078078076 0.10434056761268781 0.010810810810810811 
52 0.7462437395659433 0.3945945945945946 0.05342237061769616 0.010810810810810811 
53 0.7863105175292153 0.4096096096096096 0.07178631051752922 0.011411411411411412 
54 0.8580968280467446 0.43963963963963965 0.040901502504173626 0.011411411411411412 
55 0.9373956594323873 0.44144144144144143 0.04757929883138564 0.009009009009009009 
56 0.8539232053422371 0.45525525525525523 0.10934891485809682 0.008408408408408409 
57 0.7863105175292153 0.46846846846846846 0.17863105175292154 0.00960960960960961 
58 0.7629382303839732 0.4828828828828829 0.12186978297161936 0.00960960960960961 
59 0.8656093489148581 0.4960960960960961 0.07429048414023372 0.011411411411411412 
60 0.8230383973288815 0.5141141141141141 0.18948247078464106 0.013213213213213212 
61 0.7412353923205343 0.5417417417417417 0.014190317195325543 0.006606606606606606 
61 0.820534223706177 0.542942942942943 0.01001669449081803 0.005405405405405406 
62 0.7470784641068448 0.5711711711711712 0.09265442404006678 0.010810810810810811 
63 0.7512520868113522 0.5861861861861862 0.1001669449081803 0.011411411411411412 
64 0.8005008347245409 0.603003003003003 0.08597662771285476 0.010810810810810811 
65 0.8005008347245409 0.618018018018018 0.19198664440734559 0.011411411411411412 
66 0.8714524207011686 0.633033033033033 0.08347245409015025 0.00960960960960961 
67 0.8380634390651085 0.6498498498498498 0.22120200333889817 0.012612612612612612 
68 0.8380634390651085 0.6642642642642642 0.11519198664440734 0.01021021021021021 
69 0.7821368948247078 0.6798798798798799 0.03005008347245409 0.010810810810810811 
70 0.8063439065108514 0.6948948948948949 0.09181969949916527 0.00960960960960961 
71 0.8873121869782972 0.8660660660660661 0.1352253756260434 0.004204204204204204 
6 0.6327212020033389 0.06906906906906907 0.011686143572621035 0.007207207207207207 
3 0.2370617696160267 0.11651651651651651 0.014190317195325543 0.007807807807807808 
72 0.1636060100166945 0.11711711711711711 0.008347245409015025 0.006006006006006006 
73 0.3814691151919866 0.2018018018018018 0.015859766277128547 0.01021021021021021 
74 0.3722871452420701 0.21501501501501502 0.0 0.0 
75 0.3806343906510851 0.24084084084084084 0.01335559265442404 0.008408408408408409 
76 0.3814691151919866 0.2606606606606607 0.015859766277128547 0.00960960960960961 
77 0.3823038397328882 0.2882882882882883 0.017529215358931552 0.01021021021021021 
78 0.3756260434056761 0.3165165165165165 0.0 0.0 
79 0.3739565943238731 0.34594594594594597 0.0 0.0 
80 0.3806343906510851 0.3747747747747748 0.01335559265442404 0.008408408408408409 
81 0.3814691151919866 0.412012012012012 0.015025041736227046 0.01021021021021021 
82 0.3797996661101836 0.44144144144144143 0.011686143572621035 0.008408408408408409 
83 0.3747913188647746 0.46066066066066064 0.0 0.0 
84 0.3814691151919866 0.4798798798798799 0.015025041736227046 0.008408408408408409 
85 0.3739565943238731 0.5009009009009009 0.0 0.0 
86 0.3756260434056761 0.5177177177177177 0.0 0.0 
87 0.3722871452420701 0.5387387387387388 0.0 0.0 
88 0.3831385642737897 0.5663663663663664 0.019198664440734557 0.010810810810810811 
89 0.3789649415692821 0.5951951951951951 0.015859766277128547 0.01021021021021021 
90 0.3814691151919866 0.6252252252252253 0.015025041736227046 0.01021021021021021 
91 0.6193656093489148 0.6246246246246246 0.02337228714524207 0.00960960960960961 
92 0.6193656093489148 0.5957957957957958 0.01669449081803005 0.00960960960960961 
93 0.6118530884808013 0.5681681681681682 0.0 0.0 
94 0.6176961602671118 0.5381381381381382 0.015025041736227046 0.011411411411411412 
95 0.6118530884808013 0.5183183183183183 0.0 0.0 
96 0.6202003338898163 0.5015015015015015 0.018363939899833055 0.010810810810810811 
97 0.6110183639398998 0.4810810810810811 0.0 0.0 
98 0.6193656093489148 0.4594594594594595 0.01669449081803005 0.01021021021021021 
99 0.6093489148580968 0.44264264264264264 0.0 0.0 
100 0.6185308848080133 0.4138138138138138 0.01669449081803005 0.00960960960960961 
101 0.6118530884808013 0.375975975975976 0.0 0.0 
102 0.6093489148580968 0.34774774774774775 0.0 0.0 
103 0.6110183639398998 0.3183183183183183 0.0 0.0 
104 0.6101836393989983 0.2894894894894895 0.0 0.0 
105 0.6126878130217028 0.2618618618618619 0.0 0.0 
106 0.6168614357262103 0.23963963963963963 0.014190317195325543 0.009009009009009009 
107 0.6176961602671118 0.21501501501501502 0.01669449081803005 0.00960960960960961 
108 0.6185308848080133 0.2012012012012012 0.014190317195325543 0.007807807807807808 
29 0.21285475792988315 0.5417417417417417 0.0 0.0 
