0 0.07679465776293823 0.07027027027027027 0.08347245409015025 0.011411411411411412 
1 0.22120200333889817 0.06906906906906907 0.06928213689482471 0.013813813813813814 
2 0.32387312186978295 0.06846846846846846 0.06093489148580968 0.012012012012012012 
3 0.32053422370617696 0.11591591591591592 0.01001669449081803 0.009009009009009009 
4 0.07429048414023372 0.11531531531531532 0.0 0.0 
5 0.4532554257095159 0.06726726726726727 0.15108514190317196 0.012612612612612612 
6 0.7078464106844741 0.06846846846846846 0.0 0.0 
7 0.4674457429048414 0.0990990990990991 0.20784641068447413 0.015015015015015015 
8 0.12186978297161936 0.17477477477477477 0.04757929883138564 0.011411411411411412 
9 0.13772954924874792 0.19039039039039038 0.08430717863105175 0.014414414414414415 
10 0.14774624373956594 0.209009009009009 0.09849749582637729 0.013213213213213212 
11 0.15191986644407346 0.22462462462462462 0.0659432387312187 0.010810810810810811 
12 0.25125208681135225 0.22522522522522523 0.04340567612687813 0.010810810810810811 
13 0.20868113522537562 0.24264264264264265 0.166110183639399 0.012612612612612612 
14 0.07679465776293823 0.3039039039039039 0.06343906510851419 0.007207207207207207 
15 0.06343906510851419 0.3267267267267267 0.038397328881469114 0.007207207207207207 
16 0.06093489148580968 0.34774774774774775 0.034223706176961605 0.008408408408408409 
17 0.2328881469115192 0.32432432432432434 0.04424040066777963 0.009009009009009009 
18 0.23205342237061768 0.34774774774774775 0.037562604340567615 0.008408408408408409 
19 0.15525876460767946 0.38198198198198197 0.11435726210350584 0.012612612612612612 
20 0.1419031719532554 0.39579579579579577 0.05342237061769616 0.012612612612612612 
21 0.18614357262103506 0.412012012012012 0.08013355592654424 0.012012012012012012 
22 0.25626043405676124 0.43963963963963965 0.041736227045075125 0.012612612612612612 
23 0.32554257095158595 0.43963963963963965 0.030884808013355594 0.011411411411411412 
24 0.21869782971619364 0.45585585585585586 0.048414023372287146 0.010810810810810811 
25 0.11853088480801335 0.46846846846846846 0.05342237061769616 0.010810810810810811 
26 0.17445742904841402 0.4828828828828829 0.15275459098497496 0.012612612612612612 
27 0.25292153589315525 0.4966966966966967 0.04757929883138564 0.012012012012012012 
28 0.20701168614357263 0.5153153153153153 0.15609348914858096 0.013813813813813814 
29 0.13606010016694492 0.5423423423423424 0.01335559265442404 0.00960960960960961 
30 0.1285475792988314 0.5717717717717717 0.05342237061769616 0.010810810810810811 
31 0.1318864774624374 0.5873873873873874 0.06093489148580968 0.012012012012012012 
32 0.20701168614357263 0.6024024024024024 0.08931552587646077 0.012612612612612612 
33 0.164440734557596 0.618018018018018 0.12520868113522537 0.00960960960960961 
34 0.25208681135225375 0.6324324324324324 0.04424040066777963 0.011411411411411412 
35 0.21368948247078465 0.6486486486486487 0.17946577629382304 0.012012012012012012 
36 0.22537562604340566 0.6654654654654655 0.09265442404006678 0.00960960960960961 
37 0.17278797996661102 0.6798798798798799 0.019198664440734557 0.012612612612612612 
38 0.21619365609348914 0.6966966966966966 0.11018363939899833 0.012012012012012012 
39 0.07345575959933222 0.8648648648648649 0.07011686143572621 0.010810810810810811 
40 0.7512520868113522 0.17477477477477477 0.09432387312186978 0.011411411411411412 
41 0.7203672787979967 0.1915915915915916 0.037562604340567615 0.01021021021021021 
42 0.7871452420701168 0.2066066066066066 0.166110183639399 0.013213213213213212 
43 0.7612687813021702 0.22462462462462462 0.07929883138564274 0.012012012012012012 
44 0.8597662771285476 0.22342342342342342 0.05425709515859766 0.013813813813813814 
45 0.8038397328881469 0.24324324324324326 0.15609348914858096 0.015015015015015015 
46 0.6886477462437396 0.3063063063063063 0.08597662771285476 0.012012012012012012 
47 0.6786310517529215 0.32732732732732733 0.0676126878130217 0.010810810810810811 
48 0.672787979966611 0.3483483483483483 0.05175292153589316 0.00960960960960961 
49 0.845575959933222 0.3483483483483483 0.0651085141903172 0.010810810810810811 
50 0.8414023372287145 0.32732732732732733 0.05759599332220367 0.008408408408408409 
51 0.7303839732888147 0.38078078078078076 0.055926544240400666 0.01021021021021021 
52 0.7429048414023373 0.3945945945945946 0.04674457429048414 0.01021021021021021 
53 0.7921535893155259 0.4096096096096096 0.08430717863105175 0.012012012012012012 
54 0.8597662771285476 0.43843843843843844 0.04340567612687813 0.013813813813813814 
55 0.9373956594323873 0.4402402402402402 0.04757929883138564 0.012012012012012012 
56 0.8146911519198664 0.45465465465465466 0.030884808013355594 0.009009009009009009 
57 0.7153589315525877 0.4678678678678679 0.03672787979966611 0.010810810810810811 
58 0.7420701168614358 0.48228228228228226 0.08013355592654424 0.00960960960960961 
59 0.8522537562604341 0.4960960960960961 0.04757929883138564 0.011411411411411412 
60 0.7938230383973289 0.5141141141141141 0.1302170283806344 0.012612612612612612 
61 0.7387312186978298 0.5423423423423424 0.008347245409015025 0.006006006006006006 
61 0.8196994991652755 0.5423423423423424 0.008347245409015025 0.007207207207207207 
62 0.7253756260434057 0.5717717717717717 0.049248747913188645 0.00960960960960961 
63 0.7295492487479132 0.5867867867867868 0.05676126878130217 0.010810810810810811 
64 0.7996661101836394 0.603003003003003 0.08347245409015025 0.010810810810810811 
65 0.7621035058430717 0.618018018018018 0.11519198664440734 0.012012012012012012 
66 0.8480801335559266 0.6324324324324324 0.037562604340567615 0.010810810810810811 
67 0.8096828046744574 0.6498498498498498 0.1636060100166945 0.012612612612612612 
68 0.8380634390651085 0.6648648648648648 0.11519198664440734 0.00960960960960961 
69 0.7754590984974958 0.6792792792792792 0.017529215358931552 0.011411411411411412 
70 0.8105175292153589 0.6948948948948949 0.1001669449081803 0.009009009009009009 
71 0.8514190317195326 0.8636636636636636 0.0642737896494157 0.00960960960960961 
6 0.6268781302170284 0.06666666666666667 0.0 0.0 
3 0.2303839732888147 0.11471471471471471 0.0 0.0 
72 0.16193656093489148 0.11711711711711711 0.005843071786310518 0.005405405405405406 
73 0.3739565943238731 0.2012012012012012 0.0 0.0 
74 0.3772954924874791 0.21561561561561562 0.01001669449081803 0.007207207207207207 
75 0.3739565943238731 0.23903903903903903 0.0 0.0 
76 0.3739565943238731 0.2594594594594595 0.0 0.0 
77 0.3797996661101836 0.28888888888888886 0.011686143572621035 0.00960960960960961 
78 0.3797996661101836 0.3165165165165165 0.009181969949916527 0.007807807807807808 
79 0.3781302170283806 0.34534534534534533 0.009181969949916527 0.009009009009009009 
80 0.3781302170283806 0.37537537537537535 0.008347245409015025 0.006606606606606606 
81 0.3789649415692821 0.412012012012012 0.010851419031719533 0.01021021021021021 
82 0.3781302170283806 0.44204204204204206 0.008347245409015025 0.006606606606606606 
83 0.3806343906510851 0.46066066066066064 0.011686143572621035 0.008408408408408409 
84 0.3797996661101836 0.47927927927927927 0.011686143572621035 0.00960960960960961 
85 0.3806343906510851 0.4996996996996997 0.01335559265442404 0.01021021021021021 
86 0.3756260434056761 0.5159159159159159 0.0 0.0 
87 0.3789649415692821 0.5375375375375375 0.01335559265442404 0.01021021021021021 
88 0.3797996661101836 0.5663663663663664 0.011686143572621035 0.010810810810810811 
89 0.37145242070116863 0.5945945945945946 0.0 0.0 
90 0.3797996661101836 0.6246246246246246 0.012520868113522538 0.012012012012012012 
91 0.6076794657762938 0.6234234234234234 0.0 0.0 
92 0.6110183639398998 0.5945945945945946 0.0 0.0 
93 0.6185308848080133 0.5663663663663664 0.01335559265442404 0.012012012012012012 
94 0.6168614357262103 0.5381381381381382 0.014190317195325543 0.011411411411411412 
95 0.6176961602671118 0.5177177177177177 0.011686143572621035 0.00960960960960961 
96 0.6202003338898163 0.4996996996996997 0.018363939899833055 0.014414414414414415 
97 0.6110183639398998 0.47927927927927927 0.0 0.0 
98 0.6160267111853088 0.46006006006006006 0.010851419031719533 0.00960960960960961 
99 0.6093489148580968 0.44084084084084085 0.0 0.0 
100 0.6151919866444073 0.4138138138138138 0.01001669449081803 0.009009009009009009 
101 0.6185308848080133 0.37537537537537535 0.01335559265442404 0.00960960960960961 
102 0.6093489148580968 0.34594594594594597 0.0 0.0 
103 0.6110183639398998 0.3165165165165165 0.0 0.0 
104 0.6151919866444073 0.28888888888888886 0.010851419031719533 0.00960960960960961 
105 0.6126878130217028 0.26006006006006005 0.0 0.0 
106 0.6101836393989983 0.23843843843843843 0.0 0.0 
107 0.6093489148580968 0.2138138138138138 0.0 0.0 
108 0.6160267111853088 0.2018018018018018 0.009181969949916527 0.007207207207207207 
29 0.21285475792988315 0.5399399399399399 0.0 0.0 
