0 0.08180300500834725 0.07027027027027027 0.09432387312186978 0.012012012012012012 
1 0.22120200333889817 0.06906906906906907 0.06928213689482471 0.014414414414414415 
2 0.31636060100166946 0.06786786786786787 0.045075125208681135 0.01021021021021021 
3 0.31552587646076796 0.11471471471471471 0.0 0.0 
4 0.07429048414023372 0.11531531531531532 0.0 0.0 
5 0.44156928213689484 0.06726726726726727 0.12771285475792987 0.012612612612612612 
6 0.7078464106844741 0.06846846846846846 0.0 0.0 
7 0.4607679465776294 0.0996996996996997 0.19449081803005008 0.013813813813813814 
8 0.14607679465776294 0.17477477477477477 0.09515859766277128 0.011411411411411412 
9 0.11435726210350584 0.1897897897897898 0.037562604340567615 0.011411411411411412 
10 0.15776293823038398 0.2078078078078078 0.11853088480801335 0.01021021021021021 
11 0.15025041736227046 0.22462462462462462 0.06260434056761269 0.01021021021021021 
12 0.25125208681135225 0.22342342342342342 0.04424040066777963 0.009009009009009009 
13 0.2045075125208681 0.24204204204204205 0.15776293823038398 0.013213213213213212 
14 0.08848080133555926 0.3033033033033033 0.08681135225375626 0.007807807807807808 
15 0.0667779632721202 0.3261261261261261 0.045075125208681135 0.007807807807807808 
16 0.0642737896494157 0.34654654654654654 0.04006677796327212 0.007807807807807808 
17 0.2378964941569282 0.32432432432432434 0.05425709515859766 0.009009009009009009 
18 0.2387312186978297 0.3471471471471472 0.05091819699499165 0.00960960960960961 
19 0.12353923205342238 0.38198198198198197 0.05091819699499165 0.013213213213213212 
20 0.14941569282136896 0.39579579579579577 0.06844741235392321 0.012612612612612612 
21 0.18864774624373956 0.4114114114114114 0.08514190317195326 0.012612612612612612 
22 0.2579298831385643 0.44084084084084085 0.045075125208681135 0.010810810810810811 
23 0.335559265442404 0.439039039039039 0.05008347245409015 0.013213213213213212 
24 0.21619365609348914 0.45585585585585586 0.04424040066777963 0.01021021021021021 
25 0.1310517529215359 0.4678678678678679 0.07846410684474124 0.00960960960960961 
26 0.17946577629382304 0.48348348348348347 0.16277128547579298 0.012012012012012012 
27 0.25125208681135225 0.4960960960960961 0.04340567612687813 0.009009009009009009 
28 0.21035058430717862 0.5153153153153153 0.16277128547579298 0.014414414414414415 
29 0.1293823038397329 0.5411411411411411 0.0 0.0 
30 0.1343906510851419 0.5723723723723724 0.0659432387312187 0.00960960960960961 
31 0.15108514190317196 0.5867867867867868 0.0993322203672788 0.012612612612612612 
32 0.21869782971619364 0.603003003003003 0.11268781302170283 0.012012012012012012 
33 0.17278797996661102 0.6174174174174174 0.1419031719532554 0.01021021021021021 
34 0.2612687813021703 0.6324324324324324 0.06176961602671119 0.012012012012012012 
35 0.18781302170283806 0.6486486486486487 0.12771285475792987 0.012012012012012012 
36 0.22537562604340566 0.6654654654654655 0.09265442404006678 0.00960960960960961 
37 0.17028380634390652 0.6804804804804805 0.01335559265442404 0.012012012012012012 
38 0.21118530884808012 0.6960960960960961 0.1001669449081803 0.013213213213213212 
39 0.11435726210350584 0.8648648648648649 0.15275459098497496 0.01021021021021021 
40 0.7487479131886478 0.17477477477477477 0.08848080133555926 0.011411411411411412 
41 0.7412353923205343 0.19099099099099098 0.07846410684474124 0.012012012012012012 
42 0.7938230383973289 0.2072072072072072 0.17946577629382304 0.012012012012012012 
43 0.7579298831385642 0.22402402402402402 0.07262103505843072 0.013213213213213212 
44 0.8597662771285476 0.22162162162162163 0.05342237061769616 0.012612612612612612 
45 0.827212020033389 0.24324324324324326 0.2028380634390651 0.015015015015015015 
46 0.7036727879799666 0.3057057057057057 0.11602671118530884 0.012612612612612612 
47 0.6919866444073456 0.3279279279279279 0.09348914858096828 0.009009009009009009 
48 0.671118530884808 0.3483483483483483 0.049248747913188645 0.009009009009009009 
49 0.8330550918196995 0.3483483483483483 0.04006677796327212 0.007807807807807808 
50 0.8480801335559266 0.3267267267267267 0.07011686143572621 0.00960960960960961 
51 0.7237061769616027 0.38078078078078076 0.041736227045075125 0.01021021021021021 
52 0.7412353923205343 0.3945945945945946 0.04424040066777963 0.01021021021021021 
53 0.7754590984974958 0.4096096096096096 0.05091819699499165 0.011411411411411412 
54 0.8597662771285476 0.43843843843843844 0.04424040066777963 0.013813813813813814 
55 0.9382303839732888 0.44084084084084085 0.048414023372287146 0.010810810810810811 
56 0.8555926544240401 0.45465465465465466 0.11185308848080133 0.009009009009009009 
57 0.7270450751252087 0.4678678678678679 0.06010016694490818 0.01021021021021021 
58 0.7520868113522537 0.4828828828828829 0.1001669449081803 0.00960960960960961 
59 0.8547579298831386 0.4960960960960961 0.05175292153589316 0.012012012012012012 
60 0.7921535893155259 0.5141141141141141 0.12771285475792987 0.013213213213213212 
61 0.7370617696160268 0.5423423423423424 0.005008347245409015 0.005405405405405406 
61 0.8196994991652755 0.5423423423423424 0.008347245409015025 0.007207207207207207 
62 0.7186978297161937 0.5711711711711712 0.03589315525876461 0.01021021021021021 
63 0.7253756260434057 0.5861861861861862 0.049248747913188645 0.011411411411411412 
64 0.8130217028380634 0.6024024024024024 0.11018363939899833 0.011411411411411412 
65 0.7996661101836394 0.618018018018018 0.19031719532554256 0.012012012012012012 
66 0.8505843071786311 0.633033033033033 0.04257095158597663 0.00960960960960961 
67 0.7921535893155259 0.6498498498498498 0.1285475792988314 0.012612612612612612 
68 0.8163606010016694 0.6642642642642642 0.07262103505843072 0.01021021021021021 
69 0.7746243739565943 0.6792792792792792 0.015859766277128547 0.012012012012012012 
70 0.8071786310517529 0.6942942942942943 0.09432387312186978 0.010810810810810811 
71 0.8831385642737897 0.8636636636636636 0.12687813021702837 0.007807807807807808 
6 0.6268781302170284 0.06666666666666667 0.0 0.0 
3 0.2337228714524207 0.11711711711711711 0.00667779632721202 0.007207207207207207 
72 0.16277128547579298 0.11711711711711711 0.00667779632721202 0.005405405405405406 
73 0.3739565943238731 0.2012012012012012 0.0 0.0 
74 0.3722871452420701 0.2132132132132132 0.0 0.0 
75 0.3781302170283806 0.24024024024024024 0.009181969949916527 0.009009009009009009 
76 0.3739565943238731 0.2594594594594595 0.0 0.0 
77 0.3781302170283806 0.28888888888888886 0.009181969949916527 0.009009009009009009 
78 0.3756260434056761 0.31471471471471474 0.0 0.0 
79 0.3739565943238731 0.3441441441441441 0.0 0.0 
80 0.3772954924874791 0.37537537537537535 0.00667779632721202 0.007207207207207207 
81 0.3789649415692821 0.4132132132132132 0.01001669449081803 0.008408408408408409 
82 0.3772954924874791 0.44144144144144143 0.00667779632721202 0.007807807807807808 
83 0.3781302170283806 0.46006006006006006 0.007512520868113523 0.00960960960960961 
84 0.3772954924874791 0.47927927927927927 0.007512520868113523 0.00960960960960961 
85 0.3797996661101836 0.4996996996996997 0.011686143572621035 0.00960960960960961 
86 0.3756260434056761 0.5159159159159159 0.0 0.0 
87 0.3722871452420701 0.5369369369369369 0.0 0.0 
88 0.3739565943238731 0.5657657657657658 0.0 0.0 
89 0.3747913188647746 0.5957957957957958 0.007512520868113523 0.00960960960960961 
90 0.3739565943238731 0.6246246246246246 0.0 0.0 
91 0.6076794657762938 0.6234234234234234 0.0 0.0 
92 0.6151919866444073 0.5951951951951951 0.009181969949916527 0.010810810810810811 
93 0.6176961602671118 0.5669669669669669 0.011686143572621035 0.00960960960960961 
94 0.6101836393989983 0.5381381381381382 0.0 0.0 
95 0.6118530884808013 0.5165165165165165 0.0 0.0 
96 0.6110183639398998 0.5009009009009009 0.0 0.0 
97 0.6110183639398998 0.47927927927927927 0.0 0.0 
98 0.6160267111853088 0.4594594594594595 0.01001669449081803 0.010810810810810811 
99 0.6093489148580968 0.44084084084084085 0.0 0.0 
100 0.6101836393989983 0.4126126126126126 0.0 0.0 
101 0.6151919866444073 0.37537537537537535 0.007512520868113523 0.009009009009009009 
102 0.6143572621035058 0.34654654654654654 0.01001669449081803 0.010810810810810811 
103 0.6110183639398998 0.3165165165165165 0.0 0.0 
104 0.6135225375626043 0.28888888888888886 0.007512520868113523 0.009009009009009009 
105 0.6126878130217028 0.26006006006006005 0.0 0.0 
106 0.6101836393989983 0.23843843843843843 0.0 0.0 
107 0.6093489148580968 0.2138138138138138 0.0 0.0 
108 0.6151919866444073 0.2018018018018018 0.00667779632721202 0.007207207207207207 
29 0.21285475792988315 0.5399399399399399 0.0 0.0 
