0 0.09348914858096828 0.06966966966966967 0.11686143572621036 0.013213213213213212 
1 0.21202003338898165 0.06966966966966967 0.05008347245409015 0.013213213213213212 
2 0.31385642737896496 0.06846846846846846 0.040901502504173626 0.012012012012012012 
3 0.31552587646076796 0.11411411411411411 0.0 0.0 
4 0.08180300500834725 0.11651651651651651 0.015025041736227046 0.009009009009009009 
5 0.4257095158597663 0.06786786786786787 0.09599332220367279 0.011411411411411412 
6 0.7136894824707847 0.06966966966966967 0.012520868113522538 0.00960960960960961 
7 0.46327212020033387 0.0996996996996997 0.1994991652754591 0.014414414414414415 
8 0.14023372287145242 0.17477477477477477 0.08430717863105175 0.012012012012012012 
9 0.1327212020033389 0.19099099099099098 0.07429048414023372 0.013213213213213212 
10 0.1669449081803005 0.20960960960960962 0.13689482470784642 0.012012012012012012 
11 0.14858096828046743 0.22402402402402402 0.05843071786310518 0.011411411411411412 
12 0.25208681135225375 0.22522522522522523 0.045075125208681135 0.010810810810810811 
13 0.2011686143572621 0.24264264264264265 0.15108514190317196 0.012612612612612612 
14 0.10767946577629382 0.3033033033033033 0.12604340567612687 0.008408408408408409 
15 0.07262103505843072 0.3261261261261261 0.05759599332220367 0.008408408408408409 
16 0.06260434056761269 0.34654654654654654 0.037562604340567615 0.01021021021021021 
17 0.2395659432387312 0.32432432432432434 0.05676126878130217 0.009009009009009009 
18 0.2362270450751252 0.34774774774774775 0.045075125208681135 0.008408408408408409 
19 0.14273789649415694 0.38198198198198197 0.08931552587646077 0.013213213213213212 
20 0.14440734557595994 0.39579579579579577 0.05926544240400668 0.012612612612612612 
21 0.18196994991652754 0.412012012012012 0.07178631051752922 0.012012012012012012 
22 0.2570951585976628 0.44084084084084085 0.04424040066777963 0.01021021021021021 
23 0.333889816360601 0.43963963963963965 0.04757929883138564 0.011411411411411412 
24 0.2570951585976628 0.45525525525525523 0.12604340567612687 0.011411411411411412 
25 0.11018363939899833 0.46846846846846846 0.03672787979966611 0.010810810810810811 
26 0.1343906510851419 0.48348348348348347 0.07178631051752922 0.011411411411411412 
27 0.25041736227045075 0.4966966966966967 0.041736227045075125 0.012612612612612612 
28 0.20617696160267113 0.5153153153153153 0.15358931552587646 0.013813813813813814 
29 0.1293823038397329 0.5405405405405406 0.0 0.0 
30 0.1310517529215359 0.5723723723723724 0.05926544240400668 0.00960960960960961 
31 0.13606010016694492 0.5873873873873874 0.06844741235392321 0.011411411411411412 
32 0.2278797996661102 0.6018018018018018 0.1310517529215359 0.013813813813813814 
33 0.14941569282136896 0.6174174174174174 0.09599332220367279 0.01021021021021021 
34 0.25208681135225375 0.6324324324324324 0.04340567612687813 0.011411411411411412 
35 0.1669449081803005 0.6498498498498498 0.08597662771285476 0.00960960960960961 
36 0.2262103505843072 0.6648648648648648 0.09432387312186978 0.01021021021021021 
37 0.17111853088480802 0.6804804804804805 0.015025041736227046 0.011411411411411412 
38 0.22036727879799667 0.6960960960960961 0.11853088480801335 0.012612612612612612 
39 0.10767946577629382 0.8648648648648649 0.13856427378964942 0.010810810810810811 
40 0.7420701168614358 0.17477477477477477 0.07595993322203673 0.011411411411411412 
41 0.7287145242070117 0.19099099099099098 0.05342237061769616 0.011411411411411412 
42 0.7495826377295493 0.2066066066066066 0.09015025041736227 0.012612612612612612 
43 0.7579298831385642 0.22402402402402402 0.07262103505843072 0.012612612612612612 
44 0.8547579298831386 0.22342342342342342 0.04424040066777963 0.014414414414414415 
45 0.8280467445742905 0.24324324324324326 0.2036727879799666 0.015615615615615615 
46 0.6936560934891486 0.3063063063063063 0.09515859766277128 0.011411411411411412 
47 0.664440734557596 0.3279279279279279 0.03923205342237062 0.00960960960960961 
48 0.66110183639399 0.3483483483483483 0.028380634390651086 0.009009009009009009 
49 0.8313856427378965 0.34894894894894896 0.03672787979966611 0.00960960960960961 
50 0.832220367278798 0.3267267267267267 0.038397328881469114 0.00960960960960961 
51 0.7537562604340567 0.38078078078078076 0.10267111853088481 0.010810810810810811 
52 0.7412353923205343 0.3945945945945946 0.04340567612687813 0.01021021021021021 
53 0.7712854757929883 0.409009009009009 0.04257095158597663 0.012612612612612612 
54 0.8572621035058431 0.44144144144144143 0.038397328881469114 0.007807807807807808 
55 0.9382303839732888 0.439039039039039 0.049248747913188645 0.013813813813813814 
56 0.8505843071786311 0.45465465465465466 0.10267111853088481 0.009009009009009009 
57 0.7462437395659433 0.4678678678678679 0.09849749582637729 0.010810810810810811 
58 0.7637729549248747 0.4828828828828829 0.12437395659432388 0.009009009009009009 
59 0.8681135225375626 0.4960960960960961 0.07846410684474124 0.012012012012012012 
60 0.8280467445742905 0.5141141141141141 0.1994991652754591 0.012612612612612612 
61 0.7345575959933222 0.5387387387387388 0.0 0.0 
61 0.8155258764607679 0.5393393393393393 0.0 0.0 
62 0.7487479131886478 0.5711711711711712 0.09515859766277128 0.01021021021021021 
63 0.7328881469115192 0.5861861861861862 0.0642737896494157 0.012012012012012012 
64 0.8105175292153589 0.6024024024024024 0.10517529215358931 0.012012012012012012 
65 0.7420701168614358 0.618018018018018 0.07595993322203673 0.010810810810810811 
66 0.8464106844741235 0.6324324324324324 0.0333889816360601 0.010810810810810811 
67 0.8013355592654424 0.6498498498498498 0.14691151919866444 0.012612612612612612 
68 0.823873121869783 0.6642642642642642 0.08681135225375626 0.01021021021021021 
69 0.7737896494156928 0.6798798798798799 0.014190317195325543 0.010810810810810811 
70 0.8088480801335559 0.6942942942942943 0.09766277128547579 0.010810810810810811 
71 0.9006677796327212 0.8636636636636636 0.16193656093489148 0.009009009009009009 
6 0.6318864774624374 0.06906906906906907 0.01001669449081803 0.007207207207207207 
3 0.2353923205342237 0.11711711711711711 0.01001669449081803 0.007207207207207207 
72 0.15943238731218698 0.11351351351351352 0.0 0.0 
73 0.3814691151919866 0.2012012012012012 0.015859766277128547 0.012012012012012012 
74 0.3781302170283806 0.21561561561561562 0.012520868113522538 0.007207207207207207 
75 0.3814691151919866 0.23963963963963963 0.015859766277128547 0.009009009009009009 
76 0.3739565943238731 0.25885885885885884 0.0 0.0 
77 0.3814691151919866 0.28888888888888886 0.015859766277128547 0.00960960960960961 
78 0.3823038397328882 0.3165165165165165 0.01335559265442404 0.008408408408408409 
79 0.3739565943238731 0.34354354354354355 0.0 0.0 
80 0.3789649415692821 0.37537537537537535 0.010851419031719533 0.007207207207207207 
81 0.3739565943238731 0.41081081081081083 0.0 0.0 
82 0.3739565943238731 0.439039039039039 0.0 0.0 
83 0.3747913188647746 0.4582582582582583 0.0 0.0 
84 0.3739565943238731 0.4774774774774775 0.0 0.0 
85 0.3814691151919866 0.4990990990990991 0.015859766277128547 0.011411411411411412 
86 0.3831385642737897 0.5171171171171172 0.015859766277128547 0.00960960960960961 
87 0.3797996661101836 0.5369369369369369 0.015025041736227046 0.011411411411411412 
88 0.3823038397328882 0.5657657657657658 0.01669449081803005 0.012012012012012012 
89 0.37145242070116863 0.593993993993994 0.0 0.0 
90 0.3739565943238731 0.624024024024024 0.0 0.0 
91 0.6176961602671118 0.624024024024024 0.02003338898163606 0.01021021021021021 
92 0.6110183639398998 0.593993993993994 0.0 0.0 
93 0.6202003338898163 0.5657657657657658 0.017529215358931552 0.012612612612612612 
94 0.6101836393989983 0.5375375375375375 0.0 0.0 
95 0.6185308848080133 0.5177177177177177 0.014190317195325543 0.009009009009009009 
96 0.6185308848080133 0.5009009009009009 0.015859766277128547 0.012012012012012012 
97 0.6185308848080133 0.47927927927927927 0.015025041736227046 0.01021021021021021 
98 0.6110183639398998 0.4582582582582583 0.0 0.0 
99 0.6093489148580968 0.4402402402402402 0.0 0.0 
100 0.6101836393989983 0.412012012012012 0.0 0.0 
101 0.6185308848080133 0.37537537537537535 0.014190317195325543 0.00960960960960961 
102 0.6168614357262103 0.34594594594594597 0.015025041736227046 0.012012012012012012 
103 0.6110183639398998 0.3159159159159159 0.0 0.0 
104 0.6101836393989983 0.2870870870870871 0.0 0.0 
105 0.6126878130217028 0.2594594594594595 0.0 0.0 
106 0.6101836393989983 0.23783783783783785 0.0 0.0 
107 0.6160267111853088 0.21501501501501502 0.014190317195325543 0.009009009009009009 
108 0.6168614357262103 0.2018018018018018 0.010851419031719533 0.007207207207207207 
29 0.21786310517529214 0.542942942942943 0.010851419031719533 0.006006006006006006 
