0 0.08848080133555926 0.06966966966966967 0.10767946577629382 0.013213213213213212 
1 0.22036727879799667 0.06966966966966967 0.0676126878130217 0.013213213213213212 
2 0.31385642737896496 0.06846846846846846 0.040901502504173626 0.012012012012012012 
3 0.31552587646076796 0.11411411411411411 0.0 0.0 
4 0.08096828046744574 0.11651651651651651 0.01335559265442404 0.00960960960960961 
5 0.39315525876460766 0.06726726726726727 0.03005008347245409 0.012612612612612612 
6 0.7136894824707847 0.06966966966966967 0.012520868113522538 0.00960960960960961 
7 0.48080133555926546 0.0996996996996997 0.2337228714524207 0.013813813813813814 
8 0.13606010016694492 0.17537537537537537 0.07595993322203673 0.010810810810810811 
9 0.1352253756260434 0.19039039039039038 0.07846410684474124 0.013813813813813814 
10 0.14357262103505844 0.209009009009009 0.09098497495826377 0.013213213213213212 
11 0.15442404006677796 0.22402402402402402 0.07011686143572621 0.011411411411411412 
12 0.2579298831385643 0.22462462462462462 0.05676126878130217 0.012012012012012012 
13 0.21368948247078465 0.24264264264264265 0.17529215358931552 0.013213213213213212 
14 0.0659432387312187 0.3033033033033033 0.041736227045075125 0.008408408408408409 
15 0.05926544240400668 0.3267267267267267 0.030884808013355594 0.007207207207207207 
16 0.05926544240400668 0.34774774774774775 0.030884808013355594 0.008408408408408409 
17 0.2303839732888147 0.32432432432432434 0.03923205342237062 0.00960960960960961 
18 0.2278797996661102 0.3471471471471472 0.02921535893155259 0.009009009009009009 
19 0.15943238731218698 0.38198198198198197 0.12186978297161936 0.013213213213213212 
20 0.13689482470784642 0.39579579579579577 0.04340567612687813 0.012612612612612612 
21 0.18948247078464106 0.412012012012012 0.08681135225375626 0.012012012012012012 
22 0.2579298831385643 0.44144144144144143 0.045909849749582635 0.00960960960960961 
23 0.335559265442404 0.439039039039039 0.05008347245409015 0.013213213213213212 
24 0.21869782971619364 0.45645645645645644 0.048414023372287146 0.00960960960960961 
25 0.11435726210350584 0.46846846846846846 0.045075125208681135 0.01021021021021021 
26 0.1652754590984975 0.4828828828828829 0.1335559265442404 0.012612612612612612 
27 0.25542570951585974 0.4972972972972973 0.052587646076794656 0.012012012012012012 
28 0.2020033388981636 0.5159159159159159 0.14524207011686144 0.013213213213213212 
29 0.13689482470784642 0.5423423423423424 0.015025041736227046 0.009009009009009009 
30 0.12771285475792987 0.5711711711711712 0.05175292153589316 0.01021021021021021 
31 0.12437395659432388 0.5873873873873874 0.045075125208681135 0.012012012012012012 
32 0.21619365609348914 0.6018018018018018 0.10684474123539232 0.013813813813813814 
33 0.1285475792988314 0.618018018018018 0.05425709515859766 0.00960960960960961 
34 0.25125208681135225 0.6324324324324324 0.041736227045075125 0.012012012012012012 
35 0.17612687813021702 0.6492492492492492 0.10350584307178631 0.010810810810810811 
36 0.2295492487479132 0.6648648648648648 0.1010016694490818 0.01021021021021021 
37 0.17028380634390652 0.6804804804804805 0.014190317195325543 0.012012012012012012 
38 0.23205342237061768 0.6960960960960961 0.14273789649415694 0.013213213213213212 
39 0.08764607679465776 0.8648648648648649 0.0993322203672788 0.01021021021021021 
40 0.7328881469115192 0.17477477477477477 0.05676126878130217 0.011411411411411412 
41 0.7370617696160268 0.19099099099099098 0.07011686143572621 0.011411411411411412 
42 0.7746243739565943 0.2066066066066066 0.14106844741235391 0.013213213213213212 
43 0.7595993322203672 0.22462462462462462 0.07595993322203673 0.012012012012012012 
44 0.8547579298831386 0.22342342342342342 0.04424040066777963 0.014414414414414415 
45 0.8080133555926544 0.24264264264264265 0.164440734557596 0.016816816816816817 
46 0.7078464106844741 0.3063063063063063 0.12437395659432388 0.012012012012012012 
47 0.6853088480801336 0.3267267267267267 0.08013355592654424 0.011411411411411412 
48 0.66110183639399 0.3483483483483483 0.02921535893155259 0.009009009009009009 
49 0.8297161936560935 0.3483483483483483 0.034223706176961605 0.01021021021021021 
50 0.8347245409015025 0.3267267267267267 0.04340567612687813 0.00960960960960961 
51 0.7412353923205343 0.3813813813813814 0.07679465776293823 0.009009009009009009 
52 0.7429048414023373 0.3951951951951952 0.04757929883138564 0.00960960960960961 
53 0.7838063439065108 0.4096096096096096 0.0667779632721202 0.011411411411411412 
54 0.8589315525876461 0.44204204204204206 0.04257095158597663 0.007207207207207207 
55 0.9373956594323873 0.4402402402402402 0.04674457429048414 0.011411411411411412 
56 0.82220367278798 0.4540540540540541 0.045909849749582635 0.01021021021021021 
57 0.7353923205342237 0.4678678678678679 0.07679465776293823 0.010810810810810811 
58 0.7303839732888147 0.48348348348348347 0.05676126878130217 0.008408408408408409 
59 0.8497495826377296 0.4960960960960961 0.041736227045075125 0.012012012012012012 
60 0.8113522537562604 0.5141141141141141 0.1652754590984975 0.013213213213213212 
61 0.7404006677796328 0.5417417417417417 0.012520868113522538 0.006606606606606606 
61 0.8213689482470785 0.5423423423423424 0.011686143572621035 0.007207207207207207 
62 0.7203672787979967 0.5717717717717717 0.03923205342237062 0.00960960960960961 
63 0.7362270450751253 0.5861861861861862 0.07011686143572621 0.011411411411411412 
64 0.8096828046744574 0.6024024024024024 0.10434056761268781 0.011411411411411412 
65 0.7537562604340567 0.618018018018018 0.09849749582637729 0.011411411411411412 
66 0.8614357262103506 0.633033033033033 0.0642737896494157 0.00960960960960961 
67 0.7954924874791319 0.6498498498498498 0.13606010016694492 0.013213213213213212 
68 0.7971619365609349 0.6648648648648648 0.034223706176961605 0.009009009009009009 
69 0.7762938230383973 0.6792792792792792 0.019198664440734557 0.011411411411411412 
70 0.8230383973288815 0.6942942942942943 0.12604340567612687 0.010810810810810811 
71 0.8881469115191987 0.8636636636636636 0.13689482470784642 0.009009009009009009 
6 0.6318864774624374 0.06906906906906907 0.010851419031719533 0.007207207207207207 
3 0.2303839732888147 0.11411411411411411 0.0 0.0 
72 0.15943238731218698 0.11351351351351352 0.0 0.0 
73 0.3739565943238731 0.2006006006006006 0.0 0.0 
74 0.3781302170283806 0.21561561561561562 0.011686143572621035 0.007207207207207207 
75 0.3739565943238731 0.23843843843843843 0.0 0.0 
76 0.3814691151919866 0.2606606606606607 0.015025041736227046 0.009009009009009009 
77 0.3806343906510851 0.28888888888888886 0.01335559265442404 0.00960960960960961 
78 0.3756260434056761 0.3141141141141141 0.0 0.0 
79 0.3806343906510851 0.34534534534534533 0.014190317195325543 0.00960960960960961 
80 0.3739565943238731 0.37237237237237236 0.0 0.0 
81 0.3814691151919866 0.4126126126126126 0.015859766277128547 0.00960960960960961 
82 0.3739565943238731 0.439039039039039 0.0 0.0 
83 0.3747913188647746 0.4582582582582583 0.0 0.0 
84 0.3797996661101836 0.47927927927927927 0.011686143572621035 0.00960960960960961 
85 0.3831385642737897 0.4990990990990991 0.019198664440734557 0.011411411411411412 
86 0.3823038397328882 0.5171171171171172 0.01335559265442404 0.00960960960960961 
87 0.3722871452420701 0.5363363363363364 0.0 0.0 
88 0.3823038397328882 0.5657657657657658 0.01669449081803005 0.012012012012012012 
89 0.37145242070116863 0.593993993993994 0.0 0.0 
90 0.3806343906510851 0.624024024024024 0.014190317195325543 0.012612612612612612 
91 0.6202003338898163 0.6234234234234234 0.025041736227045076 0.012012012012012012 
92 0.6110183639398998 0.593993993993994 0.0 0.0 
93 0.6118530884808013 0.5657657657657658 0.0 0.0 
94 0.6176961602671118 0.5375375375375375 0.015859766277128547 0.012612612612612612 
95 0.6118530884808013 0.5159159159159159 0.0 0.0 
96 0.6210350584307178 0.5009009009009009 0.020868113522537562 0.012012012012012012 
97 0.6110183639398998 0.4786786786786787 0.0 0.0 
98 0.6110183639398998 0.4582582582582583 0.0 0.0 
99 0.6093489148580968 0.4402402402402402 0.0 0.0 
100 0.6168614357262103 0.4138138138138138 0.01335559265442404 0.00960960960960961 
101 0.6185308848080133 0.37537537537537535 0.01335559265442404 0.009009009009009009 
102 0.6168614357262103 0.34594594594594597 0.015859766277128547 0.012012012012012012 
103 0.6176961602671118 0.3165165165165165 0.01335559265442404 0.011411411411411412 
104 0.6101836393989983 0.2870870870870871 0.0 0.0 
105 0.6126878130217028 0.2594594594594595 0.0 0.0 
106 0.6160267111853088 0.23963963963963963 0.012520868113522538 0.00960960960960961 
107 0.6093489148580968 0.2132132132132132 0.0 0.0 
108 0.6118530884808013 0.1987987987987988 0.0 0.0 
29 0.21702838063439064 0.542942942942943 0.009181969949916527 0.006006006006006006 
