0 0.09181969949916527 0.07027027027027027 0.11352253756260434 0.011411411411411412 
1 0.21285475792988315 0.06966966966966967 0.052587646076794656 0.012612612612612612 
2 0.3313856427378965 0.06906906906906907 0.07595993322203673 0.010810810810810811 
3 0.31552587646076796 0.11471471471471471 0.0 0.0 
4 0.08180300500834725 0.11711711711711711 0.015025041736227046 0.007807807807807808 
5 0.4273789649415693 0.06786786786786787 0.0993322203672788 0.011411411411411412 
6 0.7136894824707847 0.06966966966966967 0.011686143572621035 0.009009009009009009 
7 0.4757929883138564 0.0996996996996997 0.22370617696160267 0.013813813813813814 
8 0.14273789649415694 0.17537537537537537 0.08931552587646077 0.010810810810810811 
9 0.14106844741235391 0.19039039039039038 0.09098497495826377 0.014414414414414415 
10 0.15358931552587646 0.20960960960960962 0.11101836393989983 0.012012012012012012 
11 0.16026711185308848 0.22402402402402402 0.08180300500834725 0.011411411411411412 
12 0.2704507512520868 0.22462462462462462 0.08263772954924875 0.012012012012012012 
13 0.19198664440734559 0.24264264264264265 0.1327212020033389 0.012612612612612612 
14 0.11018363939899833 0.3039039039039039 0.1310517529215359 0.007207207207207207 
15 0.0642737896494157 0.3249249249249249 0.040901502504173626 0.010810810810810811 
16 0.07762938230383973 0.3471471471471472 0.0676126878130217 0.009009009009009009 
17 0.2287145242070117 0.32312312312312313 0.03589315525876461 0.011411411411411412 
18 0.24791318864774625 0.3471471471471472 0.06844741235392321 0.00960960960960961 
19 0.14023372287145242 0.3813813813813814 0.08347245409015025 0.013813813813813814 
20 0.14691151919866444 0.396996996996997 0.06343906510851419 0.010810810810810811 
21 0.1911519198664441 0.412012012012012 0.09015025041736227 0.011411411411411412 
22 0.2595993322203673 0.44144144144144143 0.049248747913188645 0.009009009009009009 
23 0.333889816360601 0.44084084084084085 0.04757929883138564 0.009009009009009009 
24 0.22537562604340566 0.45585585585585586 0.06260434056761269 0.010810810810810811 
25 0.12437395659432388 0.46846846846846846 0.0659432387312187 0.010810810810810811 
26 0.16193656093489148 0.4840840840840841 0.12687813021702837 0.010810810810810811 
27 0.2612687813021703 0.4972972972972973 0.0642737896494157 0.011411411411411412 
28 0.22036727879799667 0.5165165165165165 0.18280467445742904 0.011411411411411412 
29 0.1352253756260434 0.5423423423423424 0.011686143572621035 0.009009009009009009 
30 0.1310517529215359 0.5717717717717717 0.05926544240400668 0.009009009009009009 
31 0.1318864774624374 0.5873873873873874 0.06093489148580968 0.011411411411411412 
32 0.2270450751252087 0.6024024024024024 0.1285475792988314 0.012612612612612612 
33 0.14440734557595994 0.618018018018018 0.08597662771285476 0.009009009009009009 
34 0.27212020033388984 0.6324324324324324 0.08430717863105175 0.011411411411411412 
35 0.17946577629382304 0.6486486486486487 0.11101836393989983 0.011411411411411412 
36 0.21869782971619364 0.6654654654654655 0.07929883138564274 0.009009009009009009 
37 0.18113522537562604 0.6810810810810811 0.035058430717863104 0.010810810810810811 
38 0.2353923205342237 0.6960960960960961 0.14858096828046743 0.012612612612612612 
39 0.10601001669449082 0.8672672672672672 0.1352253756260434 0.006006006006006006 
40 0.7178631051752922 0.17537537537537537 0.027545909849749584 0.010810810810810811 
41 0.7420701168614358 0.1915915915915916 0.08096828046744574 0.010810810810810811 
42 0.7612687813021702 0.206006006006006 0.11352253756260434 0.013813813813813814 
43 0.7612687813021702 0.22402402402402402 0.07846410684474124 0.013213213213213212 
44 0.8789649415692822 0.22402402402402402 0.09265442404006678 0.012612612612612612 
45 0.8138564273789649 0.24324324324324326 0.17529215358931552 0.015015015015015015 
46 0.7136894824707847 0.3063063063063063 0.1352253756260434 0.011411411411411412 
47 0.6752921535893155 0.3267267267267267 0.06093489148580968 0.011411411411411412 
48 0.6803005008347245 0.3483483483483483 0.0676126878130217 0.00960960960960961 
49 0.845575959933222 0.34894894894894896 0.0659432387312187 0.00960960960960961 
50 0.8430717863105175 0.32732732732732733 0.06010016694490818 0.008408408408408409 
51 0.7278797996661102 0.38078078078078076 0.05008347245409015 0.010810810810810811 
52 0.7362270450751253 0.3951951951951952 0.034223706176961605 0.00960960960960961 
53 0.7804674457429048 0.4096096096096096 0.06010016694490818 0.011411411411411412 
54 0.8606010016694491 0.43963963963963965 0.045075125208681135 0.012012012012012012 
55 0.9382303839732888 0.43783783783783786 0.048414023372287146 0.016816816816816817 
56 0.8831385642737897 0.45465465465465466 0.1669449081803005 0.009009009009009009 
57 0.7237061769616027 0.46846846846846846 0.05425709515859766 0.009009009009009009 
58 0.7637729549248747 0.4828828828828829 0.12353923205342238 0.00960960960960961 
59 0.8706176961602671 0.4954954954954955 0.08347245409015025 0.012612612612612612 
60 0.8030050083472454 0.5141141141141141 0.14858096828046743 0.013213213213213212 
61 0.7387312186978298 0.542942942942943 0.008347245409015025 0.004804804804804805 
61 0.820534223706177 0.5423423423423424 0.010851419031719533 0.007207207207207207 
62 0.7320534223706177 0.5717717717717717 0.06176961602671119 0.009009009009009009 
63 0.7295492487479132 0.5867867867867868 0.05676126878130217 0.01021021021021021 
64 0.8121869782971619 0.6018018018018018 0.10851419031719532 0.012612612612612612 
65 0.7787979966611018 0.6186186186186187 0.14858096828046743 0.010810810810810811 
66 0.8631051752921536 0.633033033033033 0.0667779632721202 0.009009009009009009 
67 0.8046744574290484 0.6498498498498498 0.15358931552587646 0.012612612612612612 
68 0.8046744574290484 0.6642642642642642 0.049248747913188645 0.01021021021021021 
69 0.7838063439065108 0.6792792792792792 0.0333889816360601 0.011411411411411412 
70 0.8021702838063439 0.6948948948948949 0.08347245409015025 0.009009009009009009 
71 0.8939899833055092 0.8660660660660661 0.14858096828046743 0.004204204204204204 
6 0.6302170283806344 0.06966966966966967 0.007512520868113523 0.005405405405405406 
3 0.2303839732888147 0.11471471471471471 0.0 0.0 
72 0.15943238731218698 0.11411411411411411 0.0 0.0 
73 0.3797996661101836 0.2018018018018018 0.012520868113522538 0.010810810810810811 
74 0.3781302170283806 0.21561561561561562 0.011686143572621035 0.006606606606606606 
75 0.3797996661101836 0.24024024024024024 0.011686143572621035 0.00960960960960961 
76 0.3739565943238731 0.2594594594594595 0.0 0.0 
77 0.3739565943238731 0.2876876876876877 0.0 0.0 
78 0.3756260434056761 0.31471471471471474 0.0 0.0 
79 0.3806343906510851 0.34594594594594597 0.014190317195325543 0.007807807807807808 
80 0.3739565943238731 0.372972972972973 0.0 0.0 
81 0.3739565943238731 0.4114114114114114 0.0 0.0 
82 0.3739565943238731 0.43963963963963965 0.0 0.0 
83 0.3806343906510851 0.46006006006006006 0.012520868113522538 0.009009009009009009 
84 0.3739565943238731 0.47807807807807806 0.0 0.0 
85 0.3806343906510851 0.4996996996996997 0.01335559265442404 0.010810810810810811 
86 0.3756260434056761 0.5159159159159159 0.0 0.0 
87 0.3722871452420701 0.5369369369369369 0.0 0.0 
88 0.3806343906510851 0.5663663663663664 0.01335559265442404 0.010810810810810811 
89 0.3781302170283806 0.5963963963963964 0.01335559265442404 0.008408408408408409 
90 0.3739565943238731 0.6246246246246246 0.0 0.0 
91 0.6076794657762938 0.6234234234234234 0.0 0.0 
92 0.6202003338898163 0.5951951951951951 0.019198664440734557 0.010810810810810811 
93 0.6118530884808013 0.5663663663663664 0.0 0.0 
94 0.6101836393989983 0.5381381381381382 0.0 0.0 
95 0.6176961602671118 0.5177177177177177 0.012520868113522538 0.00960960960960961 
96 0.6210350584307178 0.5003003003003003 0.02003338898163606 0.012612612612612612 
97 0.6110183639398998 0.47927927927927927 0.0 0.0 
98 0.6185308848080133 0.46006006006006006 0.015859766277128547 0.009009009009009009 
99 0.6176961602671118 0.44264264264264264 0.017529215358931552 0.008408408408408409 
100 0.6168614357262103 0.4144144144144144 0.01335559265442404 0.008408408408408409 
101 0.6118530884808013 0.3741741741741742 0.0 0.0 
102 0.6093489148580968 0.34594594594594597 0.0 0.0 
103 0.6110183639398998 0.3165165165165165 0.0 0.0 
104 0.6101836393989983 0.2876876876876877 0.0 0.0 
105 0.6193656093489148 0.2606606606606607 0.01335559265442404 0.01021021021021021 
106 0.6176961602671118 0.24024024024024024 0.015025041736227046 0.007807807807807808 
107 0.6151919866444073 0.21501501501501502 0.011686143572621035 0.00960960960960961 
108 0.6168614357262103 0.2012012012012012 0.01001669449081803 0.007807807807807808 
29 0.21619365609348914 0.542942942942943 0.007512520868113523 0.005405405405405406 
