0 0.09432387312186978 0.06966966966966967 0.11853088480801335 0.013213213213213212 
1 0.22203672787979967 0.06906906906906907 0.07011686143572621 0.013813813813813814 
2 0.31385642737896496 0.06786786786786787 0.040901502504173626 0.012612612612612612 
3 0.31552587646076796 0.11411411411411411 0.0 0.0 
4 0.08096828046744574 0.11651651651651651 0.014190317195325543 0.009009009009009009 
5 0.4040066777963272 0.06726726726726727 0.05175292153589316 0.012612612612612612 
6 0.7145242070116862 0.06966966966966967 0.01335559265442404 0.00960960960960961 
7 0.4716193656093489 0.0996996996996997 0.21619365609348914 0.013813813813813814 
8 0.12687813021702837 0.17477477477477477 0.05676126878130217 0.011411411411411412 
9 0.12103505843071787 0.1915915915915916 0.05091819699499165 0.011411411411411412 
10 0.169449081803005 0.20960960960960962 0.1419031719532554 0.012012012012012012 
11 0.15275459098497496 0.22402402402402402 0.0667779632721202 0.011411411411411412 
12 0.25125208681135225 0.22462462462462462 0.04340567612687813 0.012012012012012012 
13 0.22036727879799667 0.24204204204204205 0.18864774624373956 0.013813813813813814 
14 0.07178631051752922 0.3033033033033033 0.05342237061769616 0.007807807807807808 
15 0.07929883138564274 0.3261261261261261 0.07011686143572621 0.008408408408408409 
16 0.05843071786310518 0.3471471471471472 0.02921535893155259 0.009009009009009009 
17 0.24791318864774625 0.32432432432432434 0.07429048414023372 0.00960960960960961 
18 0.2328881469115192 0.34654654654654654 0.038397328881469114 0.01021021021021021 
19 0.12270450751252086 0.3813813813813814 0.049248747913188645 0.014414414414414415 
20 0.13856427378964942 0.39579579579579577 0.04674457429048414 0.012612612612612612 
21 0.18113522537562604 0.412012012012012 0.0709515859766277 0.011411411411411412 
22 0.25542570951585974 0.43963963963963965 0.04006677796327212 0.013213213213213212 
23 0.3347245409015025 0.43963963963963965 0.048414023372287146 0.011411411411411412 
24 0.22454090150250416 0.45585585585585586 0.06093489148580968 0.010810810810810811 
25 0.10767946577629382 0.46846846846846846 0.03171953255425709 0.01021021021021021 
26 0.13772954924874792 0.48348348348348347 0.07929883138564274 0.012012012012012012 
27 0.25041736227045075 0.4978978978978979 0.04257095158597663 0.010810810810810811 
28 0.21452420701168615 0.5159159159159159 0.17028380634390652 0.012612612612612612 
29 0.1293823038397329 0.5405405405405406 0.0 0.0 
30 0.1335559265442404 0.5711711711711712 0.06343906510851419 0.011411411411411412 
31 0.14023372287145242 0.5873873873873874 0.07762938230383973 0.012012012012012012 
32 0.21786310517529214 0.6024024024024024 0.11101836393989983 0.013213213213213212 
33 0.15776293823038398 0.6174174174174174 0.11268781302170283 0.01021021021021021 
34 0.25041736227045075 0.6318318318318318 0.040901502504173626 0.012612612612612612 
35 0.19616026711185308 0.6486486486486487 0.14440734557595994 0.012012012012012012 
36 0.21118530884808012 0.6648648648648648 0.06343906510851419 0.01021021021021021 
37 0.17111853088480802 0.6804804804804805 0.015025041736227046 0.011411411411411412 
38 0.2328881469115192 0.6960960960960961 0.14440734557595994 0.013213213213213212 
39 0.07512520868113523 0.8654654654654654 0.07345575959933222 0.00960960960960961 
40 0.7312186978297162 0.17537537537537537 0.05342237061769616 0.01021021021021021 
41 0.7270450751252087 0.19099099099099098 0.05008347245409015 0.011411411411411412 
42 0.7821368948247078 0.2066066066066066 0.15609348914858096 0.012612612612612612 
43 0.7579298831385642 0.22402402402402402 0.07262103505843072 0.012612612612612612 
44 0.8555926544240401 0.22342342342342342 0.045909849749582635 0.013813813813813814 
45 0.8313856427378965 0.24324324324324326 0.21118530884808012 0.015615615615615615 
46 0.6869782971619366 0.3057057057057057 0.08180300500834725 0.012612612612612612 
47 0.6861435726210351 0.32732732732732733 0.08263772954924875 0.01021021021021021 
48 0.6652754590984975 0.3483483483483483 0.03672787979966611 0.00960960960960961 
49 0.8297161936560935 0.3483483483483483 0.034223706176961605 0.01021021021021021 
50 0.837228714524207 0.3261261261261261 0.049248747913188645 0.01021021021021021 
51 0.7320534223706177 0.38078078078078076 0.05926544240400668 0.010810810810810811 
52 0.7370617696160268 0.3945945945945946 0.035058430717863104 0.010810810810810811 
53 0.7979966611018364 0.409009009009009 0.09599332220367279 0.012612612612612612 
54 0.8572621035058431 0.43783783783783786 0.03923205342237062 0.015615615615615615 
55 0.9365609348914858 0.44144144144144143 0.045909849749582635 0.00960960960960961 
56 0.82220367278798 0.4540540540540541 0.045075125208681135 0.01021021021021021 
57 0.7387312186978298 0.4678678678678679 0.08347245409015025 0.010810810810810811 
58 0.7579298831385642 0.4828828828828829 0.11185308848080133 0.00960960960960961 
59 0.8631051752921536 0.4966966966966967 0.06844741235392321 0.010810810810810811 
60 0.8030050083472454 0.5141141141141141 0.14858096828046743 0.013213213213213212 
61 0.7345575959933222 0.5387387387387388 0.0 0.0 
61 0.8155258764607679 0.5393393393393393 0.0 0.0 
62 0.7145242070116862 0.5717717717717717 0.027545909849749584 0.009009009009009009 
63 0.7362270450751253 0.5861861861861862 0.0709515859766277 0.012012012012012012 
64 0.8071786310517529 0.6024024024024024 0.0993322203672788 0.011411411411411412 
65 0.7370617696160268 0.618018018018018 0.0659432387312187 0.011411411411411412 
66 0.8472454090150251 0.6324324324324324 0.035058430717863104 0.01021021021021021 
67 0.8230383973288815 0.6504504504504505 0.1911519198664441 0.012012012012012012 
68 0.83889816360601 0.6648648648648648 0.11769616026711185 0.00960960960960961 
69 0.7737896494156928 0.6798798798798799 0.014190317195325543 0.010810810810810811 
70 0.7996661101836394 0.6942942942942943 0.07929883138564274 0.010810810810810811 
71 0.8647746243739566 0.8636636636636636 0.09098497495826377 0.009009009009009009 
6 0.6268781302170284 0.06606606606606606 0.0 0.0 
3 0.2303839732888147 0.11411411411411411 0.0 0.0 
72 0.16277128547579298 0.11711711711711711 0.007512520868113523 0.005405405405405406 
73 0.3739565943238731 0.2006006006006006 0.0 0.0 
74 0.3722871452420701 0.2126126126126126 0.0 0.0 
75 0.3806343906510851 0.24024024024024024 0.01335559265442404 0.00960960960960961 
76 0.3739565943238731 0.25885885885885884 0.0 0.0 
77 0.3806343906510851 0.28888888888888886 0.01335559265442404 0.00960960960960961 
78 0.3806343906510851 0.3165165165165165 0.010851419031719533 0.008408408408408409 
79 0.3814691151919866 0.34534534534534533 0.015859766277128547 0.00960960960960961 
80 0.3739565943238731 0.37237237237237236 0.0 0.0 
81 0.3739565943238731 0.41081081081081083 0.0 0.0 
82 0.3739565943238731 0.439039039039039 0.0 0.0 
83 0.3747913188647746 0.4582582582582583 0.0 0.0 
84 0.3739565943238731 0.4774774774774775 0.0 0.0 
85 0.3814691151919866 0.4990990990990991 0.015859766277128547 0.011411411411411412 
86 0.3756260434056761 0.5153153153153153 0.0 0.0 
87 0.3722871452420701 0.5363363363363364 0.0 0.0 
88 0.3814691151919866 0.5657657657657658 0.015025041736227046 0.012012012012012012 
89 0.3781302170283806 0.5957957957957958 0.014190317195325543 0.009009009009009009 
90 0.3814691151919866 0.6246246246246246 0.015025041736227046 0.011411411411411412 
91 0.6202003338898163 0.6228228228228229 0.025041736227045076 0.012612612612612612 
92 0.6110183639398998 0.593993993993994 0.0 0.0 
93 0.6118530884808013 0.5657657657657658 0.0 0.0 
94 0.6193656093489148 0.5375375375375375 0.019198664440734557 0.012612612612612612 
95 0.6185308848080133 0.5177177177177177 0.01335559265442404 0.00960960960960961 
96 0.6110183639398998 0.5003003003003003 0.0 0.0 
97 0.6110183639398998 0.4786786786786787 0.0 0.0 
98 0.6185308848080133 0.4594594594594595 0.015025041736227046 0.010810810810810811 
99 0.6160267111853088 0.44204204204204206 0.014190317195325543 0.00960960960960961 
100 0.6101836393989983 0.412012012012012 0.0 0.0 
101 0.6176961602671118 0.37537537537537535 0.012520868113522538 0.00960960960960961 
102 0.6093489148580968 0.34534534534534533 0.0 0.0 
103 0.6168614357262103 0.3171171171171171 0.012520868113522538 0.010810810810810811 
104 0.6168614357262103 0.28888888888888886 0.014190317195325543 0.009009009009009009 
105 0.6202003338898163 0.2606606606606607 0.015025041736227046 0.010810810810810811 
106 0.6101836393989983 0.23783783783783785 0.0 0.0 
107 0.6160267111853088 0.21501501501501502 0.01335559265442404 0.00960960960960961 
108 0.6118530884808013 0.1987987987987988 0.0 0.0 
29 0.21786310517529214 0.5423423423423424 0.01001669449081803 0.006606606606606606 
