0 0.08931552587646077 0.07087087087087086 0.10934891485809682 0.010810810810810811 
1 0.22537562604340566 0.06906906906906907 0.07679465776293823 0.013813813813813814 
2 0.32136894824707846 0.06906906906906907 0.05509181969949917 0.010810810810810811 
3 0.32220367278797996 0.11651651651651651 0.014190317195325543 0.007807807807807808 
4 0.08263772954924875 0.11651651651651651 0.017529215358931552 0.009009009009009009 
5 0.4757929883138564 0.06846846846846846 0.19616026711185308 0.010810810810810811 
6 0.7078464106844741 0.07027027027027027 0.0 0.0 
7 0.4749582637729549 0.0996996996996997 0.22203672787979967 0.012012012012012012 
8 0.12520868113522537 0.17477477477477477 0.05342237061769616 0.011411411411411412 
9 0.15108514190317196 0.1897897897897898 0.11018363939899833 0.015015015015015015 
10 0.17028380634390652 0.209009009009009 0.14440734557595994 0.013213213213213212 
11 0.15859766277128548 0.22462462462462462 0.07846410684474124 0.01021021021021021 
12 0.2646076794657763 0.22462462462462462 0.0709515859766277 0.011411411411411412 
13 0.2353923205342237 0.24264264264264265 0.21869782971619364 0.013213213213213212 
14 0.09265442404006678 0.3033033033033033 0.09599332220367279 0.007207207207207207 
15 0.08430717863105175 0.3261261261261261 0.08013355592654424 0.008408408408408409 
16 0.0659432387312187 0.34774774774774775 0.04340567612687813 0.008408408408408409 
17 0.2303839732888147 0.32432432432432434 0.03923205342237062 0.00960960960960961 
18 0.2378964941569282 0.34774774774774775 0.049248747913188645 0.007207207207207207 
19 0.19365609348914858 0.3825825825825826 0.1911519198664441 0.012012012012012012 
20 0.14858096828046743 0.39579579579579577 0.0676126878130217 0.013213213213213212 
21 0.18280467445742904 0.412012012012012 0.07345575959933222 0.012012012012012012 
22 0.2570951585976628 0.44264264264264264 0.04340567612687813 0.007207207207207207 
23 0.335559265442404 0.44144144144144143 0.05008347245409015 0.008408408408408409 
24 0.2621035058430718 0.45525525525525523 0.1352253756260434 0.00960960960960961 
25 0.12103505843071787 0.46846846846846846 0.05926544240400668 0.010810810810810811 
26 0.1636060100166945 0.4828828828828829 0.1302170283806344 0.012612612612612612 
27 0.2612687813021703 0.4966966966966967 0.0642737896494157 0.00960960960960961 
28 0.21035058430717862 0.5153153153153153 0.16193656093489148 0.013813813813813814 
29 0.1293823038397329 0.542942942942943 0.0 0.0 
30 0.12186978297161936 0.5717717717717717 0.040901502504173626 0.010810810810810811 
31 0.14774624373956594 0.5873873873873874 0.09181969949916527 0.012012012012012012 
32 0.2328881469115192 0.6024024024024024 0.14106844741235391 0.013213213213213212 
33 0.15692821368948248 0.6174174174174174 0.11101836393989983 0.008408408408408409 
34 0.2629382303839733 0.6324324324324324 0.0659432387312187 0.011411411411411412 
35 0.1994991652754591 0.648048048048048 0.15025041736227046 0.012612612612612612 
36 0.21368948247078465 0.6648648648648648 0.06928213689482471 0.00960960960960961 
37 0.17111853088480802 0.6798798798798799 0.015025041736227046 0.012612612612612612 
38 0.21869782971619364 0.6960960960960961 0.11602671118530884 0.012612612612612612 
39 0.11435726210350584 0.8666666666666667 0.15275459098497496 0.006606606606606606 
40 0.7353923205342237 0.17477477477477477 0.06176961602671119 0.011411411411411412 
41 0.7245409015025042 0.1915915915915916 0.045909849749582635 0.010810810810810811 
42 0.7646076794657763 0.20540540540540542 0.12103505843071787 0.01021021021021021 
43 0.7570951585976627 0.22462462462462462 0.07011686143572621 0.011411411411411412 
44 0.8906510851419032 0.2228228228228228 0.11602671118530884 0.015615615615615615 
45 0.83889816360601 0.24384384384384383 0.2262103505843072 0.013813813813813814 
46 0.6894824707846411 0.3057057057057057 0.08764607679465776 0.01021021021021021 
47 0.6878130217028381 0.32732732732732733 0.08514190317195326 0.01021021021021021 
48 0.671118530884808 0.34894894894894896 0.048414023372287146 0.007207207207207207 
49 0.8363939899833055 0.3483483483483483 0.04674457429048414 0.01021021021021021 
50 0.8505843071786311 0.3267267267267267 0.07512520868113523 0.009009009009009009 
51 0.7337228714524207 0.3801801801801802 0.06176961602671119 0.010810810810810811 
52 0.7487479131886478 0.3951951951951952 0.05843071786310518 0.00960960960960961 
53 0.7813021702838063 0.409009009009009 0.06176961602671119 0.012612612612612612 
54 0.8589315525876461 0.4402402402402402 0.041736227045075125 0.01021021021021021 
55 0.9365609348914858 0.44204204204204206 0.045075125208681135 0.007807807807807808 
56 0.8505843071786311 0.45465465465465466 0.1018363939899833 0.009009009009009009 
57 0.7178631051752922 0.4678678678678679 0.04257095158597663 0.008408408408408409 
58 0.7554257095158597 0.48228228228228226 0.10684474123539232 0.01021021021021021 
59 0.8580968280467446 0.4966966966966967 0.05926544240400668 0.010810810810810811 
60 0.8155258764607679 0.5135135135135135 0.17445742904841402 0.013813813813813814 
61 0.7395659432387313 0.5417417417417417 0.01001669449081803 0.007207207207207207 
61 0.8155258764607679 0.5417417417417417 0.0 0.0 
62 0.7595993322203672 0.5711711711711712 0.11769616026711185 0.01021021021021021 
63 0.7328881469115192 0.5867867867867868 0.0642737896494157 0.01021021021021021 
64 0.820534223706177 0.6018018018018018 0.12520868113522537 0.012612612612612612 
65 0.7662771285475793 0.618018018018018 0.12437395659432388 0.012012012012012012 
66 0.8572621035058431 0.6318318318318318 0.055926544240400666 0.00960960960960961 
67 0.8155258764607679 0.6504504504504505 0.17529215358931552 0.00960960960960961 
68 0.8347245409015025 0.6648648648648648 0.10851419031719532 0.00960960960960961 
69 0.7821368948247078 0.6792792792792792 0.030884808013355594 0.012012012012012012 
70 0.8171953255425709 0.6948948948948949 0.11435726210350584 0.00960960960960961 
71 0.8606010016694491 0.8636636636636636 0.08180300500834725 0.006606606606606606 
6 0.6268781302170284 0.06846846846846846 0.0 0.0 
3 0.2303839732888147 0.11651651651651651 0.0 0.0 
72 0.15943238731218698 0.11591591591591592 0.0 0.0 
73 0.3739565943238731 0.203003003003003 0.0 0.0 
74 0.3722871452420701 0.21501501501501502 0.0 0.0 
75 0.3806343906510851 0.23963963963963963 0.01335559265442404 0.01021021021021021 
76 0.3739565943238731 0.26126126126126126 0.0 0.0 
77 0.3823038397328882 0.28888888888888886 0.01669449081803005 0.009009009009009009 
78 0.3831385642737897 0.3165165165165165 0.015025041736227046 0.007807807807807808 
79 0.3739565943238731 0.34594594594594597 0.0 0.0 
80 0.3789649415692821 0.3747747747747748 0.010851419031719533 0.007807807807807808 
81 0.3739565943238731 0.4132132132132132 0.0 0.0 
82 0.3806343906510851 0.44204204204204206 0.01335559265442404 0.007207207207207207 
83 0.3814691151919866 0.46066066066066064 0.01335559265442404 0.008408408408408409 
84 0.3739565943238731 0.4798798798798799 0.0 0.0 
85 0.3739565943238731 0.5009009009009009 0.0 0.0 
86 0.3814691151919866 0.5177177177177177 0.012520868113522538 0.008408408408408409 
87 0.3722871452420701 0.5387387387387388 0.0 0.0 
88 0.3814691151919866 0.5657657657657658 0.015859766277128547 0.012012012012012012 
89 0.37145242070116863 0.5963963963963964 0.0 0.0 
90 0.3739565943238731 0.6264264264264264 0.0 0.0 
91 0.6076794657762938 0.6252252252252253 0.0 0.0 
92 0.6110183639398998 0.5963963963963964 0.0 0.0 
93 0.6118530884808013 0.5681681681681682 0.0 0.0 
94 0.6176961602671118 0.5381381381381382 0.015859766277128547 0.012012012012012012 
95 0.6118530884808013 0.5183183183183183 0.0 0.0 
96 0.6210350584307178 0.5003003003003003 0.020868113522537562 0.012612612612612612 
97 0.6110183639398998 0.4810810810810811 0.0 0.0 
98 0.6110183639398998 0.46066066066066064 0.0 0.0 
99 0.6093489148580968 0.44264264264264264 0.0 0.0 
100 0.6101836393989983 0.4144144144144144 0.0 0.0 
101 0.6193656093489148 0.37537537537537535 0.015859766277128547 0.009009009009009009 
102 0.6093489148580968 0.34774774774774775 0.0 0.0 
103 0.6110183639398998 0.3183183183183183 0.0 0.0 
104 0.6101836393989983 0.2894894894894895 0.0 0.0 
105 0.6126878130217028 0.2618618618618619 0.0 0.0 
106 0.6160267111853088 0.23963963963963963 0.012520868113522538 0.009009009009009009 
107 0.6093489148580968 0.21561561561561562 0.0 0.0 
108 0.6168614357262103 0.2012012012012012 0.010851419031719533 0.007807807807807808 
29 0.21702838063439064 0.542942942942943 0.008347245409015025 0.006006006006006006 
