0 0.09515859766277128 0.06786786786786787 0.12020033388981637 0.01021021021021021 
1 0.22287145242070117 0.06786786786786787 0.07262103505843072 0.010810810810810811 
2 0.333889816360601 0.06786786786786787 0.08096828046744574 0.007807807807807808 
3 0.32136894824707846 0.11411411411411411 0.012520868113522538 0.006606606606606606 
4 0.07429048414023372 0.11711711711711711 0.0 0.0 
5 0.4532554257095159 0.06546546546546547 0.15108514190317196 0.01021021021021021 
6 0.7136894824707847 0.06846846846846846 0.012520868113522538 0.006606606606606606 
7 0.5776293823038398 0.0996996996996997 0.4282136894824708 0.014414414414414415 
8 0.1293823038397329 0.1735735735735736 0.06176961602671119 0.009009009009009009 
9 0.16026711185308848 0.1885885885885886 0.1285475792988314 0.012012012012012012 
10 0.20534223706176963 0.2072072072072072 0.21452420701168615 0.011411411411411412 
11 0.14691151919866444 0.2228228228228228 0.055926544240400666 0.008408408408408409 
12 0.27712854757929883 0.22342342342342342 0.09515859766277128 0.00960960960960961 
13 0.24791318864774625 0.24264264264264265 0.24373956594323873 0.013213213213213212 
14 0.10851419031719532 0.3021021021021021 0.12771285475792987 0.006606606606606606 
15 0.07512520868113523 0.3249249249249249 0.06260434056761269 0.006606606606606606 
16 0.08347245409015025 0.34594594594594597 0.07846410684474124 0.007207207207207207 
17 0.25041736227045075 0.3237237237237237 0.07846410684474124 0.00960960960960961 
18 0.25292153589315525 0.34594594594594597 0.07846410684474124 0.008408408408408409 
19 0.1343906510851419 0.3795795795795796 0.07262103505843072 0.011411411411411412 
20 0.14023372287145242 0.3945945945945946 0.05091819699499165 0.00960960960960961 
21 0.17445742904841402 0.4102102102102102 0.05676126878130217 0.00960960960960961 
22 0.2579298831385643 0.43843843843843844 0.045909849749582635 0.009009009009009009 
23 0.3347245409015025 0.43783783783783786 0.048414023372287146 0.00960960960960961 
24 0.2646076794657763 0.4540540540540541 0.14023372287145242 0.009009009009009009 
25 0.1343906510851419 0.46726726726726725 0.08597662771285476 0.009009009009009009 
26 0.17278797996661102 0.4810810810810811 0.14941569282136896 0.00960960960960961 
27 0.2604340567612688 0.4948948948948949 0.06176961602671119 0.01021021021021021 
28 0.24540901502504173 0.5159159159159159 0.2328881469115192 0.012612612612612612 
29 0.1293823038397329 0.542942942942943 0.0 0.0 
30 0.1419031719532554 0.5705705705705706 0.08096828046744574 0.009009009009009009 
31 0.13772954924874792 0.5861861861861862 0.07178631051752922 0.00960960960960961 
32 0.22370617696160267 0.6006006006006006 0.12270450751252086 0.010810810810810811 
33 0.17445742904841402 0.6162162162162163 0.14524207011686144 0.007807807807807808 
34 0.27879799666110183 0.6306306306306306 0.09766277128547579 0.009009009009009009 
35 0.2345575959933222 0.6486486486486487 0.22036727879799667 0.012012012012012012 
36 0.2287145242070117 0.6642642642642642 0.09849749582637729 0.008408408408408409 
37 0.17612687813021702 0.6786786786786787 0.025041736227045076 0.009009009009009009 
38 0.21535893155258765 0.6942942942942943 0.10934891485809682 0.010810810810810811 
39 0.11185308848080133 0.8672672672672672 0.14691151919866444 0.004204204204204204 
40 0.7353923205342237 0.17417417417417416 0.06176961602671119 0.009009009009009009 
41 0.7470784641068448 0.1891891891891892 0.09098497495826377 0.009009009009009009 
42 0.7921535893155259 0.20540540540540542 0.17612687813021702 0.010810810810810811 
43 0.7554257095158597 0.2222222222222222 0.0667779632721202 0.01021021021021021 
44 0.8923205342237062 0.22102102102102103 0.11936560934891485 0.012612612612612612 
45 0.8005008347245409 0.24144144144144145 0.14941569282136896 0.013213213213213212 
46 0.7170283806343907 0.3069069069069069 0.14273789649415694 0.007207207207207207 
47 0.6894824707846411 0.3267267267267267 0.08931552587646077 0.01021021021021021 
48 0.6878130217028381 0.34774774774774775 0.08263772954924875 0.008408408408408409 
49 0.8580968280467446 0.3471471471471472 0.09098497495826377 0.00960960960960961 
50 0.8539232053422371 0.3249249249249249 0.08263772954924875 0.007807807807807808 
51 0.7562604340567612 0.3795795795795796 0.10684474123539232 0.009009009009009009 
52 0.7353923205342237 0.3933933933933934 0.03171953255425709 0.008408408408408409 
53 0.7779632721202003 0.4072072072072072 0.055926544240400666 0.009009009009009009 
54 0.8614357262103506 0.439039039039039 0.04674457429048414 0.007807807807807808 
55 0.9365609348914858 0.43723723723723723 0.045909849749582635 0.010810810810810811 
56 0.8472454090150251 0.45345345345345345 0.09515859766277128 0.007207207207207207 
57 0.7787979966611018 0.4666666666666667 0.1636060100166945 0.009009009009009009 
58 0.7879799666110183 0.4816816816816817 0.17195325542570952 0.008408408408408409 
59 0.8789649415692822 0.4954954954954955 0.1010016694490818 0.010810810810810811 
60 0.845575959933222 0.5141141141141141 0.2337228714524207 0.013213213213213212 
61 0.7378964941569283 0.5405405405405406 0.007512520868113523 0.004204204204204204 
61 0.820534223706177 0.5405405405405406 0.010851419031719533 0.005405405405405406 
62 0.7278797996661102 0.5705705705705706 0.05342237061769616 0.007207207207207207 
63 0.7554257095158597 0.5843843843843843 0.10934891485809682 0.00960960960960961 
64 0.8071786310517529 0.6006006006006006 0.09849749582637729 0.00960960960960961 
65 0.8280467445742905 0.6168168168168168 0.24791318864774625 0.00960960960960961 
66 0.8706176961602671 0.6318318318318318 0.08180300500834725 0.008408408408408409 
67 0.842237061769616 0.6498498498498498 0.2287145242070117 0.013213213213213212 
68 0.823873121869783 0.6630630630630631 0.08764607679465776 0.008408408408408409 
69 0.7821368948247078 0.6780780780780781 0.030884808013355594 0.01021021021021021 
70 0.8063439065108514 0.6930930930930931 0.09181969949916527 0.007807807807807808 
71 0.8931552587646077 0.8654654654654654 0.14774624373956594 0.004204204204204204 
6 0.6302170283806344 0.06846846846846846 0.007512520868113523 0.004804804804804805 
3 0.2353923205342237 0.11531531531531532 0.01001669449081803 0.005405405405405406 
72 0.16277128547579298 0.11651651651651651 0.00667779632721202 0.0036036036036036037 
73 0.3797996661101836 0.1993993993993994 0.012520868113522538 0.007207207207207207 
74 0.3764607679465776 0.2138138138138138 0.009181969949916527 0.005405405405405406 
75 0.3739565943238731 0.24084084084084084 0.0 0.0 
76 0.3739565943238731 0.26126126126126126 0.0 0.0 
77 0.3806343906510851 0.2870870870870871 0.01335559265442404 0.007207207207207207 
78 0.3756260434056761 0.3165165165165165 0.0 0.0 
79 0.3739565943238731 0.34594594594594597 0.0 0.0 
80 0.3739565943238731 0.3747747747747748 0.0 0.0 
81 0.3739565943238731 0.4132132132132132 0.0 0.0 
82 0.3789649415692821 0.4402402402402402 0.010851419031719533 0.005405405405405406 
83 0.3797996661101836 0.45885885885885885 0.010851419031719533 0.006006006006006006 
84 0.3789649415692821 0.47807807807807806 0.010851419031719533 0.006606606606606606 
85 0.3739565943238731 0.5009009009009009 0.0 0.0 
86 0.3814691151919866 0.5153153153153153 0.011686143572621035 0.006606606606606606 
87 0.3722871452420701 0.5387387387387388 0.0 0.0 
88 0.3739565943238731 0.5675675675675675 0.0 0.0 
89 0.37145242070116863 0.5963963963963964 0.0 0.0 
90 0.3823038397328882 0.6216216216216216 0.01669449081803005 0.007807807807807808 
91 0.6151919866444073 0.6204204204204204 0.015025041736227046 0.008408408408408409 
92 0.6110183639398998 0.5963963963963964 0.0 0.0 
93 0.6185308848080133 0.5645645645645646 0.01335559265442404 0.007807807807807808 
94 0.6101836393989983 0.5399399399399399 0.0 0.0 
95 0.6118530884808013 0.5183183183183183 0.0 0.0 
96 0.6110183639398998 0.5027027027027027 0.0 0.0 
97 0.6110183639398998 0.4810810810810811 0.0 0.0 
98 0.6110183639398998 0.46066066066066064 0.0 0.0 
99 0.6093489148580968 0.44264264264264264 0.0 0.0 
100 0.6101836393989983 0.4144144144144144 0.0 0.0 
101 0.6176961602671118 0.37357357357357357 0.011686143572621035 0.007207207207207207 
102 0.6093489148580968 0.34774774774774775 0.0 0.0 
103 0.6110183639398998 0.3183183183183183 0.0 0.0 
104 0.6101836393989983 0.2894894894894895 0.0 0.0 
105 0.6193656093489148 0.26006006006006005 0.01335559265442404 0.007207207207207207 
106 0.6101836393989983 0.24024024024024024 0.0 0.0 
107 0.6151919866444073 0.2132132132132132 0.011686143572621035 0.007207207207207207 
108 0.6118530884808013 0.2012012012012012 0.0 0.0 
29 0.21702838063439064 0.5417417417417417 0.008347245409015025 0.004804804804804805 
