0 0.08514190317195326 0.06966966966966967 0.1010016694490818 0.012612612612612612 
1 0.22370617696160267 0.07147147147147147 0.07345575959933222 0.00960960960960961 
2 0.332220367278798 0.06906906906906907 0.07762938230383973 0.010810810810810811 
3 0.32220367278797996 0.11651651651651651 0.01335559265442404 0.007807807807807808 
4 0.08013355592654424 0.11651651651651651 0.011686143572621035 0.009009009009009009 
5 0.4607679465776294 0.06786786786786787 0.1652754590984975 0.012012012012012012 
6 0.7153589315525877 0.07027027027027027 0.015025041736227046 0.007807807807807808 
7 0.506677796327212 0.0996996996996997 0.2863105175292154 0.013813813813813814 
8 0.1352253756260434 0.17537537537537537 0.07345575959933222 0.010810810810810811 
9 0.12771285475792987 0.19099099099099098 0.0642737896494157 0.013213213213213212 
10 0.14357262103505844 0.20960960960960962 0.09098497495826377 0.011411411411411412 
11 0.15525876460767946 0.22462462462462462 0.07178631051752922 0.010810810810810811 
12 0.27212020033388984 0.22462462462462462 0.08597662771285476 0.011411411411411412 
13 0.19031719532554256 0.24264264264264265 0.1285475792988314 0.012612612612612612 
14 0.0993322203672788 0.3021021021021021 0.10934891485809682 0.01021021021021021 
15 0.0642737896494157 0.3249249249249249 0.04006677796327212 0.01021021021021021 
16 0.07762938230383973 0.3471471471471472 0.0676126878130217 0.009009009009009009 
17 0.24207011686143573 0.3237237237237237 0.06260434056761269 0.01021021021021021 
18 0.24624373956594323 0.3471471471471472 0.0659432387312187 0.00960960960960961 
19 0.14023372287145242 0.3813813813813814 0.08430717863105175 0.014414414414414415 
20 0.14273789649415694 0.39579579579579577 0.055926544240400666 0.012612612612612612 
21 0.17946577629382304 0.412012012012012 0.0667779632721202 0.012012012012012012 
22 0.24958263772954925 0.43963963963963965 0.02921535893155259 0.013213213213213212 
23 0.3363939899833055 0.4402402402402402 0.052587646076794656 0.010810810810810811 
24 0.2353923205342237 0.45525525525525523 0.08263772954924875 0.011411411411411412 
25 0.13772954924874792 0.46846846846846846 0.09181969949916527 0.010810810810810811 
26 0.16110183639398998 0.48348348348348347 0.12604340567612687 0.011411411411411412 
27 0.27128547579298834 0.4978978978978979 0.08347245409015025 0.010810810810810811 
28 0.2370617696160267 0.5171171171171172 0.21619365609348914 0.010810810810810811 
29 0.1352253756260434 0.5423423423423424 0.011686143572621035 0.009009009009009009 
30 0.12520868113522537 0.5723723723723724 0.04757929883138564 0.00960960960960961 
31 0.12020033388981637 0.587987987987988 0.037562604340567615 0.01021021021021021 
32 0.22370617696160267 0.6024024024024024 0.12186978297161936 0.013213213213213212 
33 0.15358931552587646 0.6186186186186187 0.10434056761268781 0.008408408408408409 
34 0.27212020033388984 0.6324324324324324 0.08347245409015025 0.011411411411411412 
35 0.2395659432387312 0.6492492492492492 0.23121869782971619 0.010810810810810811 
36 0.24040066777963273 0.6654654654654655 0.12186978297161936 0.009009009009009009 
37 0.17278797996661102 0.6798798798798799 0.019198664440734557 0.012612612612612612 
38 0.21869782971619364 0.6966966966966966 0.11602671118530884 0.012012012012012012 
39 0.10767946577629382 0.8666666666666667 0.13939899833055092 0.006606606606606606 
40 0.7337228714524207 0.17477477477477477 0.05843071786310518 0.011411411411411412 
41 0.7303839732888147 0.1915915915915916 0.05759599332220367 0.010810810810810811 
42 0.7479131886477463 0.2078078078078078 0.08681135225375626 0.010810810810810811 
43 0.7654424040066778 0.22402402402402402 0.08681135225375626 0.012612612612612612 
44 0.8789649415692822 0.22402402402402402 0.09265442404006678 0.012612612612612612 
45 0.8430717863105175 0.24504504504504504 0.2337228714524207 0.011411411411411412 
46 0.7203672787979967 0.3087087087087087 0.14941569282136896 0.007207207207207207 
47 0.6844741235392321 0.3267267267267267 0.07846410684474124 0.011411411411411412 
48 0.6803005008347245 0.34774774774774775 0.0676126878130217 0.01021021021021021 
49 0.8464106844741235 0.34894894894894896 0.0667779632721202 0.009009009009009009 
50 0.8397328881469115 0.32732732732732733 0.05342237061769616 0.008408408408408409 
51 0.7529215358931552 0.3813813813813814 0.1001669449081803 0.009009009009009009 
52 0.7445742904841403 0.3945945945945946 0.05008347245409015 0.01021021021021021 
53 0.7779632721202003 0.4096096096096096 0.05509181969949917 0.012012012012012012 
54 0.8589315525876461 0.44144144144144143 0.04257095158597663 0.007807807807807808 
55 0.9390651085141903 0.44084084084084085 0.05008347245409015 0.01021021021021021 
56 0.8505843071786311 0.45345345345345345 0.1018363939899833 0.011411411411411412 
57 0.7253756260434057 0.46846846846846846 0.05759599332220367 0.009009009009009009 
58 0.7512520868113522 0.4828828828828829 0.0993322203672788 0.009009009009009009 
59 0.8606010016694491 0.4972972972972973 0.0642737896494157 0.00960960960960961 
60 0.82220367278798 0.5153153153153153 0.18781302170283806 0.010810810810810811 
61 0.7378964941569283 0.5423423423423424 0.007512520868113523 0.006006006006006006 
61 0.820534223706177 0.5423423423423424 0.01001669449081803 0.007207207207207207 
62 0.7554257095158597 0.5717717717717717 0.10934891485809682 0.00960960960960961 
63 0.7462437395659433 0.5861861861861862 0.09015025041736227 0.010810810810810811 
64 0.8088480801335559 0.6024024024024024 0.10267111853088481 0.011411411411411412 
65 0.7721202003338898 0.6186186186186187 0.13606010016694492 0.010810810810810811 
66 0.8622704507512521 0.633033033033033 0.0659432387312187 0.00960960960960961 
67 0.8330550918196995 0.6504504504504505 0.21118530884808012 0.012012012012012012 
68 0.8196994991652755 0.6648648648648648 0.07929883138564274 0.00960960960960961 
69 0.7779632721202003 0.6792792792792792 0.022537562604340568 0.011411411411411412 
70 0.8080133555926544 0.6954954954954955 0.09599332220367279 0.007807807807807808 
71 0.8731218697829716 0.8636636636636636 0.10684474123539232 0.00960960960960961 
6 0.6302170283806344 0.06966966966966967 0.007512520868113523 0.005405405405405406 
3 0.2303839732888147 0.11471471471471471 0.0 0.0 
72 0.15943238731218698 0.11411411411411411 0.0 0.0 
73 0.3739565943238731 0.2012012012012012 0.0 0.0 
74 0.3722871452420701 0.2132132132132132 0.0 0.0 
75 0.3797996661101836 0.24024024024024024 0.011686143572621035 0.00960960960960961 
76 0.3814691151919866 0.2606606606606607 0.015025041736227046 0.009009009009009009 
77 0.3739565943238731 0.2876876876876877 0.0 0.0 
78 0.3806343906510851 0.3165165165165165 0.01001669449081803 0.007807807807807808 
79 0.3739565943238731 0.3441441441441441 0.0 0.0 
80 0.3739565943238731 0.372972972972973 0.0 0.0 
81 0.3823038397328882 0.4126126126126126 0.01669449081803005 0.009009009009009009 
82 0.3739565943238731 0.43963963963963965 0.0 0.0 
83 0.3747913188647746 0.45885885885885885 0.0 0.0 
84 0.3739565943238731 0.47807807807807806 0.0 0.0 
85 0.3739565943238731 0.4990990990990991 0.0 0.0 
86 0.3756260434056761 0.5159159159159159 0.0 0.0 
87 0.3722871452420701 0.5369369369369369 0.0 0.0 
88 0.3814691151919866 0.5669669669669669 0.015859766277128547 0.009009009009009009 
89 0.3772954924874791 0.5957957957957958 0.011686143572621035 0.00960960960960961 
90 0.3823038397328882 0.624024024024024 0.01669449081803005 0.012612612612612612 
91 0.6143572621035058 0.6228228228228229 0.01335559265442404 0.012612612612612612 
92 0.6110183639398998 0.5945945945945946 0.0 0.0 
93 0.6118530884808013 0.5663663663663664 0.0 0.0 
94 0.6101836393989983 0.5381381381381382 0.0 0.0 
95 0.6118530884808013 0.5165165165165165 0.0 0.0 
96 0.6193656093489148 0.4996996996996997 0.01669449081803005 0.014414414414414415 
97 0.6168614357262103 0.4798798798798799 0.012520868113522538 0.010810810810810811 
98 0.6110183639398998 0.45885885885885885 0.0 0.0 
99 0.6160267111853088 0.44144144144144143 0.01335559265442404 0.010810810810810811 
100 0.6101836393989983 0.4126126126126126 0.0 0.0 
101 0.6176961602671118 0.37537537537537535 0.011686143572621035 0.00960960960960961 
102 0.6093489148580968 0.34594594594594597 0.0 0.0 
103 0.6176961602671118 0.3171171171171171 0.01335559265442404 0.01021021021021021 
104 0.6185308848080133 0.28888888888888886 0.01669449081803005 0.009009009009009009 
105 0.6126878130217028 0.26006006006006005 0.0 0.0 
106 0.6168614357262103 0.24024024024024024 0.01335559265442404 0.007807807807807808 
107 0.6168614357262103 0.21561561561561562 0.015025041736227046 0.007807807807807808 
108 0.6118530884808013 0.1993993993993994 0.0 0.0 
29 0.21619365609348914 0.542942942942943 0.007512520868113523 0.005405405405405406 
