0 0.1018363939899833 0.07087087087087086 0.1335559265442404 0.010810810810810811 
1 0.22370617696160267 0.07087087087087086 0.07429048414023372 0.010810810810810811 
2 0.32554257095158595 0.06846846846846846 0.06343906510851419 0.00960960960960961 
3 0.31552587646076796 0.11651651651651651 0.0 0.0 
4 0.07429048414023372 0.11711711711711711 0.0 0.0 
5 0.41485809682804675 0.06726726726726727 0.07345575959933222 0.013213213213213212 
6 0.7078464106844741 0.07027027027027027 0.0 0.0 
7 0.5726210350584308 0.0990990990990991 0.41736227045075125 0.015615615615615615 
8 0.1310517529215359 0.17477477477477477 0.0651085141903172 0.011411411411411412 
9 0.1352253756260434 0.19039039039039038 0.07929883138564274 0.014414414414414415 
10 0.1686143572621035 0.209009009009009 0.14106844741235391 0.013213213213213212 
11 0.15275459098497496 0.22462462462462462 0.0676126878130217 0.01021021021021021 
12 0.2612687813021703 0.22402402402402402 0.0642737896494157 0.01021021021021021 
13 0.24874791318864775 0.24264264264264265 0.24624373956594323 0.012612612612612612 
14 0.09682804674457429 0.3033033033033033 0.10434056761268781 0.007207207207207207 
15 0.08180300500834725 0.3261261261261261 0.07595993322203673 0.007807807807807808 
16 0.0676126878130217 0.3471471471471472 0.04757929883138564 0.006606606606606606 
17 0.25041736227045075 0.3237237237237237 0.07846410684474124 0.01021021021021021 
18 0.2378964941569282 0.34774774774774775 0.048414023372287146 0.006006006006006006 
19 0.1352253756260434 0.3813813813813814 0.07429048414023372 0.013813813813813814 
20 0.14774624373956594 0.39579579579579577 0.0651085141903172 0.013213213213213212 
21 0.18697829716193656 0.4114114114114114 0.08263772954924875 0.012612612612612612 
22 0.2587646076794658 0.44084084084084085 0.04674457429048414 0.01021021021021021 
23 0.3313856427378965 0.439039039039039 0.041736227045075125 0.012612612612612612 
24 0.27295492487479134 0.45585585585585586 0.15776293823038398 0.010810810810810811 
25 0.11769616026711185 0.46846846846846846 0.05175292153589316 0.01021021021021021 
26 0.17946577629382304 0.48348348348348347 0.16277128547579298 0.012012012012012012 
27 0.2621035058430718 0.4972972972972973 0.0651085141903172 0.010810810810810811 
28 0.21452420701168615 0.5153153153153153 0.17028380634390652 0.014414414414414415 
29 0.13689482470784642 0.542942942942943 0.015025041736227046 0.007807807807807808 
30 0.14440734557595994 0.5717717717717717 0.08514190317195326 0.010810810810810811 
31 0.12437395659432388 0.587987987987988 0.045909849749582635 0.010810810810810811 
32 0.22537562604340566 0.603003003003003 0.12520868113522537 0.012012012012012012 
33 0.15943238731218698 0.618018018018018 0.11602671118530884 0.00960960960960961 
34 0.25542570951585974 0.6318318318318318 0.05091819699499165 0.012612612612612612 
35 0.2278797996661102 0.6486486486486487 0.20701168614357263 0.012012012012012012 
36 0.2278797996661102 0.6654654654654655 0.09766277128547579 0.00960960960960961 
37 0.17111853088480802 0.6798798798798799 0.015025041736227046 0.012612612612612612 
38 0.21786310517529214 0.6960960960960961 0.11352253756260434 0.012612612612612612 
39 0.08013355592654424 0.8654654654654654 0.08430717863105175 0.00960960960960961 
40 0.7404006677796328 0.17537537537537537 0.07178631051752922 0.01021021021021021 
41 0.7387312186978298 0.19099099099099098 0.07345575959933222 0.011411411411411412 
42 0.7445742904841403 0.2066066066066066 0.08096828046744574 0.012612612612612612 
43 0.7604340567612687 0.22522522522522523 0.07679465776293823 0.01021021021021021 
44 0.8973288814691152 0.2228228228228228 0.1285475792988314 0.015615615615615615 
45 0.825542570951586 0.24324324324324326 0.1986644407345576 0.015615615615615615 
46 0.7136894824707847 0.3063063063063063 0.13606010016694492 0.01021021021021021 
47 0.6978297161936561 0.32732732732732733 0.10517529215358931 0.010810810810810811 
48 0.6894824707846411 0.3483483483483483 0.08514190317195326 0.00960960960960961 
49 0.840567612687813 0.34774774774774775 0.05509181969949917 0.00960960960960961 
50 0.8447412353923205 0.3267267267267267 0.06343906510851419 0.009009009009009009 
51 0.7295492487479132 0.38078078078078076 0.05425709515859766 0.01021021021021021 
52 0.7437395659432388 0.3951951951951952 0.048414023372287146 0.00960960960960961 
53 0.7938230383973289 0.4096096096096096 0.08764607679465776 0.011411411411411412 
54 0.8589315525876461 0.44084084084084085 0.041736227045075125 0.00960960960960961 
55 0.9373956594323873 0.44264264264264264 0.04757929883138564 0.007207207207207207 
56 0.845575959933222 0.45465465465465466 0.09181969949916527 0.00960960960960961 
57 0.7312186978297162 0.46846846846846846 0.06844741235392321 0.00960960960960961 
58 0.7595993322203672 0.4828828828828829 0.11519198664440734 0.00960960960960961 
59 0.8614357262103506 0.4960960960960961 0.0651085141903172 0.011411411411411412 
60 0.837228714524207 0.5141141141141141 0.21702838063439064 0.013213213213213212 
61 0.7345575959933222 0.5411411411411411 0.0 0.0 
61 0.820534223706177 0.5417417417417417 0.010851419031719533 0.007807807807807808 
62 0.7220367278797997 0.5717717717717717 0.04257095158597663 0.00960960960960961 
63 0.7245409015025042 0.5861861861861862 0.04757929883138564 0.011411411411411412 
64 0.8180300500834724 0.6018018018018018 0.12103505843071787 0.012612612612612612 
65 0.7854757929883138 0.6174174174174174 0.16193656093489148 0.012612612612612612 
66 0.8572621035058431 0.6318318318318318 0.055926544240400666 0.009009009009009009 
67 0.830550918196995 0.6504504504504505 0.20534223706176963 0.010810810810810811 
68 0.825542570951586 0.6654654654654655 0.09015025041736227 0.008408408408408409 
69 0.7854757929883138 0.6792792792792792 0.03672787979966611 0.012012012012012012 
70 0.8163606010016694 0.6948948948948949 0.11268781302170283 0.00960960960960961 
71 0.8806343906510852 0.8642642642642643 0.12270450751252086 0.008408408408408409 
6 0.6318864774624374 0.06906906906906907 0.01001669449081803 0.007207207207207207 
3 0.2353923205342237 0.11711711711711711 0.010851419031719533 0.007207207207207207 
72 0.15943238731218698 0.11591591591591592 0.0 0.0 
73 0.3814691151919866 0.2012012012012012 0.015859766277128547 0.012012012012012012 
74 0.3722871452420701 0.21501501501501502 0.0 0.0 
75 0.3739565943238731 0.24084084084084084 0.0 0.0 
76 0.3739565943238731 0.26126126126126126 0.0 0.0 
77 0.3806343906510851 0.28888888888888886 0.01335559265442404 0.00960960960960961 
78 0.3756260434056761 0.3165165165165165 0.0 0.0 
79 0.3814691151919866 0.34534534534534533 0.015859766277128547 0.009009009009009009 
80 0.3739565943238731 0.3747747747747748 0.0 0.0 
81 0.3739565943238731 0.4132132132132132 0.0 0.0 
82 0.3789649415692821 0.44144144144144143 0.010851419031719533 0.007807807807807808 
83 0.3806343906510851 0.46006006006006006 0.012520868113522538 0.009009009009009009 
84 0.3806343906510851 0.4786786786786787 0.01335559265442404 0.01021021021021021 
85 0.3814691151919866 0.4990990990990991 0.015859766277128547 0.012012012012012012 
86 0.3831385642737897 0.5177177177177177 0.015025041736227046 0.007807807807807808 
87 0.3722871452420701 0.5387387387387388 0.0 0.0 
88 0.3739565943238731 0.5675675675675675 0.0 0.0 
89 0.3781302170283806 0.5951951951951951 0.01335559265442404 0.01021021021021021 
90 0.3814691151919866 0.6276276276276276 0.015025041736227046 0.006006006006006006 
91 0.6076794657762938 0.6252252252252253 0.0 0.0 
92 0.6110183639398998 0.5963963963963964 0.0 0.0 
93 0.6118530884808013 0.5681681681681682 0.0 0.0 
94 0.6193656093489148 0.5387387387387388 0.018363939899833055 0.010810810810810811 
95 0.6185308848080133 0.5177177177177177 0.014190317195325543 0.00960960960960961 
96 0.6110183639398998 0.5027027027027027 0.0 0.0 
97 0.6185308848080133 0.4798798798798799 0.015025041736227046 0.01021021021021021 
98 0.6185308848080133 0.4594594594594595 0.015025041736227046 0.010810810810810811 
99 0.6168614357262103 0.44144144144144143 0.015025041736227046 0.010810810810810811 
100 0.6101836393989983 0.4144144144144144 0.0 0.0 
101 0.6202003338898163 0.37537537537537535 0.01669449081803005 0.00960960960960961 
102 0.6168614357262103 0.34594594594594597 0.015859766277128547 0.011411411411411412 
103 0.6110183639398998 0.3183183183183183 0.0 0.0 
104 0.6101836393989983 0.2894894894894895 0.0 0.0 
105 0.6193656093489148 0.2606606606606607 0.014190317195325543 0.01021021021021021 
106 0.6160267111853088 0.23963963963963963 0.012520868113522538 0.009009009009009009 
107 0.6093489148580968 0.21561561561561562 0.0 0.0 
108 0.6176961602671118 0.2012012012012012 0.012520868113522538 0.007807807807807808 
29 0.21786310517529214 0.542942942942943 0.01001669449081803 0.005405405405405406 
