0 0.08263772954924875 0.06966966966966967 0.09599332220367279 0.012612612612612612 
1 0.21786310517529214 0.06906906906906907 0.06260434056761269 0.014414414414414415 
2 0.333889816360601 0.06786786786786787 0.08096828046744574 0.012612612612612612 
3 0.31552587646076796 0.11471471471471471 0.0 0.0 
4 0.07846410684474124 0.11651651651651651 0.009181969949916527 0.009009009009009009 
5 0.4699499165275459 0.06786786786786787 0.18363939899833054 0.011411411411411412 
6 0.7128547579298832 0.07027027027027027 0.01001669449081803 0.008408408408408409 
7 0.5058430717863105 0.0996996996996997 0.2838063439065108 0.014414414414414415 
8 0.12771285475792987 0.17537537537537537 0.05843071786310518 0.01021021021021021 
9 0.16026711185308848 0.19099099099099098 0.1285475792988314 0.013213213213213212 
10 0.164440734557596 0.209009009009009 0.1327212020033389 0.012612612612612612 
11 0.14858096828046743 0.22402402402402402 0.05843071786310518 0.011411411411411412 
12 0.2696160267111853 0.22462462462462462 0.08013355592654424 0.012012012012012012 
13 0.24290484140233723 0.24264264264264265 0.2345575959933222 0.013213213213213212 
14 0.1018363939899833 0.3033033033033033 0.11435726210350584 0.008408408408408409 
15 0.07429048414023372 0.3261261261261261 0.06010016694490818 0.007807807807807808 
16 0.07595993322203673 0.34654654654654654 0.0642737896494157 0.01021021021021021 
17 0.24707846410684475 0.32432432432432434 0.07262103505843072 0.00960960960960961 
18 0.24540901502504173 0.3471471471471472 0.0642737896494157 0.00960960960960961 
19 0.12771285475792987 0.3813813813813814 0.05843071786310518 0.013813813813813814 
20 0.14357262103505844 0.39579579579579577 0.05759599332220367 0.013213213213213212 
21 0.17946577629382304 0.4126126126126126 0.0676126878130217 0.010810810810810811 
22 0.2587646076794658 0.44084084084084085 0.04674457429048414 0.010810810810810811 
23 0.332220367278798 0.4402402402402402 0.04340567612687813 0.010810810810810811 
24 0.2328881469115192 0.45585585585585586 0.07679465776293823 0.010810810810810811 
25 0.12604340567612687 0.46846846846846846 0.06928213689482471 0.010810810810810811 
26 0.17445742904841402 0.4828828828828829 0.15191986644407346 0.013213213213213212 
27 0.2687813021702838 0.4966966966966967 0.07929883138564274 0.012612612612612612 
28 0.19031719532554256 0.5153153153153153 0.12186978297161936 0.013813813813813814 
29 0.1327212020033389 0.5423423423423424 0.007512520868113523 0.00960960960960961 
30 0.12437395659432388 0.5711711711711712 0.045909849749582635 0.011411411411411412 
31 0.14357262103505844 0.5873873873873874 0.08347245409015025 0.012012012012012012 
32 0.21368948247078465 0.6018018018018018 0.1018363939899833 0.013813813813813814 
33 0.15776293823038398 0.6174174174174174 0.11268781302170283 0.010810810810810811 
34 0.2637729549248748 0.6324324324324324 0.0676126878130217 0.011411411411411412 
35 0.19031719532554256 0.6486486486486487 0.1327212020033389 0.011411411411411412 
36 0.21035058430717862 0.6648648648648648 0.06260434056761269 0.01021021021021021 
37 0.17362270450751252 0.6804804804804805 0.02003338898163606 0.011411411411411412 
38 0.21619365609348914 0.6960960960960961 0.11018363939899833 0.013213213213213212 
39 0.10851419031719532 0.8654654654654654 0.14106844741235391 0.00960960960960961 
40 0.7637729549248747 0.17477477477477477 0.11936560934891485 0.011411411411411412 
41 0.7454090150250418 0.19099099099099098 0.08681135225375626 0.011411411411411412 
42 0.7879799666110183 0.2066066066066066 0.167779632721202 0.012612612612612612 
43 0.7562604340567612 0.22402402402402402 0.06844741235392321 0.013213213213213212 
44 0.8772954924874792 0.22342342342342342 0.08931552587646077 0.014414414414414415 
45 0.8171953255425709 0.24264264264264265 0.18280467445742904 0.016816816816816817 
46 0.7120200333889817 0.3057057057057057 0.1318864774624374 0.012612612612612612 
47 0.6844741235392321 0.32732732732732733 0.07846410684474124 0.010810810810810811 
48 0.6786310517529215 0.3483483483483483 0.0642737896494157 0.00960960960960961 
49 0.8589315525876461 0.3483483483483483 0.09265442404006678 0.010810810810810811 
50 0.8480801335559266 0.3261261261261261 0.07011686143572621 0.01021021021021021 
51 0.7495826377295493 0.3801801801801802 0.09348914858096828 0.011411411411411412 
52 0.7470784641068448 0.3951951951951952 0.05509181969949917 0.00960960960960961 
53 0.7896494156928213 0.4096096096096096 0.07929883138564274 0.012012012012012012 
54 0.8597662771285476 0.44084084084084085 0.04340567612687813 0.009009009009009009 
55 0.9365609348914858 0.4402402402402402 0.045075125208681135 0.011411411411411412 
56 0.8781302170283807 0.45465465465465466 0.15776293823038398 0.009009009009009009 
57 0.7328881469115192 0.4678678678678679 0.07178631051752922 0.010810810810810811 
58 0.7687813021702838 0.4828828828828829 0.1343906510851419 0.00960960960960961 
59 0.8689482470784641 0.4960960960960961 0.08096828046744574 0.012012012012012012 
60 0.7863105175292153 0.5141141141141141 0.11602671118530884 0.013213213213213212 
61 0.7370617696160268 0.5423423423423424 0.005008347245409015 0.005405405405405406 
61 0.8188647746243739 0.5417417417417417 0.00667779632721202 0.007807807807807808 
62 0.7512520868113522 0.5711711711711712 0.1010016694490818 0.01021021021021021 
63 0.7412353923205343 0.5861861861861862 0.08096828046744574 0.012012012012012012 
64 0.8088480801335559 0.6024024024024024 0.1018363939899833 0.011411411411411412 
65 0.8071786310517529 0.6174174174174174 0.20534223706176963 0.012612612612612612 
66 0.8497495826377296 0.6324324324324324 0.04006677796327212 0.01021021021021021 
67 0.7963272120200334 0.6492492492492492 0.13689482470784642 0.013813813813813814 
68 0.827212020033389 0.6642642642642642 0.09348914858096828 0.01021021021021021 
69 0.7796327212020033 0.6798798798798799 0.02587646076794658 0.01021021021021021 
70 0.8046744574290484 0.6942942942942943 0.08848080133555926 0.01021021021021021 
71 0.8873121869782972 0.8642642642642643 0.1352253756260434 0.008408408408408409 
6 0.6285475792988314 0.06966966966966967 0.004173622704507512 0.005405405405405406 
3 0.2345575959933222 0.11651651651651651 0.009181969949916527 0.006606606606606606 
72 0.16193656093489148 0.11711711711711711 0.005008347245409015 0.005405405405405406 
73 0.3739565943238731 0.2012012012012012 0.0 0.0 
74 0.3764607679465776 0.21501501501501502 0.009181969949916527 0.006606606606606606 
75 0.3739565943238731 0.23903903903903903 0.0 0.0 
76 0.3739565943238731 0.2594594594594595 0.0 0.0 
77 0.3739565943238731 0.2876876876876877 0.0 0.0 
78 0.3789649415692821 0.3165165165165165 0.00667779632721202 0.007807807807807808 
79 0.3772954924874791 0.34534534534534533 0.007512520868113523 0.00960960960960961 
80 0.3772954924874791 0.37537537537537535 0.00667779632721202 0.007207207207207207 
81 0.3739565943238731 0.4114114114114114 0.0 0.0 
82 0.3739565943238731 0.43963963963963965 0.0 0.0 
83 0.3789649415692821 0.46006006006006006 0.008347245409015025 0.009009009009009009 
84 0.3781302170283806 0.47927927927927927 0.008347245409015025 0.009009009009009009 
85 0.3797996661101836 0.5003003003003003 0.011686143572621035 0.00960960960960961 
86 0.3756260434056761 0.5159159159159159 0.0 0.0 
87 0.3772954924874791 0.5375375375375375 0.01001669449081803 0.010810810810810811 
88 0.3781302170283806 0.5663663663663664 0.009181969949916527 0.010810810810810811 
89 0.3747913188647746 0.5957957957957958 0.007512520868113523 0.00960960960960961 
90 0.3739565943238731 0.6246246246246246 0.0 0.0 
91 0.6160267111853088 0.6228228228228229 0.01669449081803005 0.013213213213213212 
92 0.6110183639398998 0.5945945945945946 0.0 0.0 
93 0.6118530884808013 0.5663663663663664 0.0 0.0 
94 0.6101836393989983 0.5381381381381382 0.0 0.0 
95 0.6151919866444073 0.5177177177177177 0.007512520868113523 0.009009009009009009 
96 0.6110183639398998 0.5009009009009009 0.0 0.0 
97 0.6168614357262103 0.4804804804804805 0.011686143572621035 0.00960960960960961 
98 0.6151919866444073 0.45885885885885885 0.008347245409015025 0.011411411411411412 
99 0.6093489148580968 0.44084084084084085 0.0 0.0 
100 0.6101836393989983 0.4126126126126126 0.0 0.0 
101 0.6168614357262103 0.375975975975976 0.01001669449081803 0.008408408408408409 
102 0.6151919866444073 0.34654654654654654 0.011686143572621035 0.00960960960960961 
103 0.6110183639398998 0.3165165165165165 0.0 0.0 
104 0.6101836393989983 0.2876876876876877 0.0 0.0 
105 0.6126878130217028 0.26006006006006005 0.0 0.0 
106 0.6143572621035058 0.23963963963963963 0.008347245409015025 0.009009009009009009 
107 0.6093489148580968 0.2138138138138138 0.0 0.0 
108 0.6151919866444073 0.2012012012012012 0.00667779632721202 0.007807807807807808 
29 0.21285475792988315 0.5399399399399399 0.0 0.0 
