0 0.08597662771285476 0.06966966966966967 0.1018363939899833 0.012612612612612612 
1 0.22203672787979967 0.07027027027027027 0.0709515859766277 0.011411411411411412 
2 0.333889816360601 0.07027027027027027 0.08096828046744574 0.008408408408408409 
3 0.31552587646076796 0.11651651651651651 0.0 0.0 
4 0.07429048414023372 0.11711711711711711 0.0 0.0 
5 0.4716193656093489 0.06786786786786787 0.18781302170283806 0.012012012012012012 
6 0.7153589315525877 0.06966966966966967 0.015859766277128547 0.009009009009009009 
7 0.5367278797996661 0.0996996996996997 0.34557595993322204 0.013813813813813814 
8 0.1352253756260434 0.17537537537537537 0.07345575959933222 0.010810810810810811 
9 0.12270450751252086 0.1897897897897898 0.05342237061769616 0.015015015015015015 
10 0.16110183639398998 0.209009009009009 0.12604340567612687 0.012612612612612612 
11 0.15859766277128548 0.22462462462462462 0.07929883138564274 0.010810810810810811 
12 0.2654424040066778 0.22402402402402402 0.07262103505843072 0.012012012012012012 
13 0.23121869782971619 0.24264264264264265 0.21035058430717862 0.013213213213213212 
14 0.10767946577629382 0.3027027027027027 0.12520868113522537 0.009009009009009009 
15 0.0709515859766277 0.3261261261261261 0.05425709515859766 0.008408408408408409 
16 0.07429048414023372 0.34774774774774775 0.06010016694490818 0.008408408408408409 
17 0.2378964941569282 0.32432432432432434 0.05425709515859766 0.00960960960960961 
18 0.24373956594323873 0.3471471471471472 0.06010016694490818 0.00960960960960961 
19 0.14106844741235391 0.3813813813813814 0.08597662771285476 0.014414414414414415 
20 0.14273789649415694 0.39579579579579577 0.05509181969949917 0.012612612612612612 
21 0.18864774624373956 0.412012012012012 0.08597662771285476 0.011411411411411412 
22 0.2579298831385643 0.44144144144144143 0.045909849749582635 0.00960960960960961 
23 0.333889816360601 0.43963963963963965 0.04757929883138564 0.012012012012012012 
24 0.2654424040066778 0.45525525525525523 0.1419031719532554 0.012012012012012012 
25 0.12103505843071787 0.46846846846846846 0.05843071786310518 0.01021021021021021 
26 0.16110183639398998 0.48348348348348347 0.12604340567612687 0.011411411411411412 
27 0.2654424040066778 0.4966966966966967 0.07178631051752922 0.010810810810810811 
28 0.24290484140233723 0.5159159159159159 0.2278797996661102 0.013213213213213212 
29 0.1293823038397329 0.542942942942943 0.0 0.0 
30 0.14858096828046743 0.5717717717717717 0.09432387312186978 0.010810810810810811 
31 0.15442404006677796 0.5873873873873874 0.10517529215358931 0.012012012012012012 
32 0.21452420701168615 0.6024024024024024 0.10350584307178631 0.013213213213213212 
33 0.15609348914858096 0.618018018018018 0.10851419031719532 0.00960960960960961 
34 0.2671118530884808 0.6318318318318318 0.07345575959933222 0.012612612612612612 
35 0.20701168614357263 0.6486486486486487 0.166110183639399 0.011411411411411412 
36 0.22537562604340566 0.6648648648648648 0.09181969949916527 0.01021021021021021 
37 0.17779632721202004 0.6804804804804805 0.02921535893155259 0.011411411411411412 
38 0.21619365609348914 0.6966966966966966 0.11018363939899833 0.012012012012012012 
39 0.09181969949916527 0.8648648648648649 0.10684474123539232 0.010810810810810811 
40 0.7395659432387313 0.17597597597597597 0.0709515859766277 0.00960960960960961 
41 0.7520868113522537 0.19099099099099098 0.1010016694490818 0.012012012012012012 
42 0.7988313856427379 0.206006006006006 0.18948247078464106 0.013813813813813814 
43 0.7579298831385642 0.22402402402402402 0.07262103505843072 0.012612612612612612 
44 0.8764607679465777 0.2228228228228228 0.08681135225375626 0.012612612612612612 
45 0.8380634390651085 0.24324324324324326 0.22454090150250416 0.015015015015015015 
46 0.7170283806343907 0.3069069069069069 0.14273789649415694 0.009009009009009009 
47 0.6861435726210351 0.32732732732732733 0.08263772954924875 0.010810810810810811 
48 0.6752921535893155 0.34774774774774775 0.05759599332220367 0.009009009009009009 
49 0.8447412353923205 0.3483483483483483 0.0642737896494157 0.010810810810810811 
50 0.840567612687813 0.3267267267267267 0.055926544240400666 0.009009009009009009 
51 0.7395659432387313 0.38078078078078076 0.07345575959933222 0.010810810810810811 
52 0.7479131886477463 0.3945945945945946 0.05759599332220367 0.010810810810810811 
53 0.7954924874791319 0.4096096096096096 0.09015025041736227 0.011411411411411412 
54 0.8589315525876461 0.43963963963963965 0.04257095158597663 0.011411411411411412 
55 0.9373956594323873 0.44084084084084085 0.04674457429048414 0.010810810810810811 
56 0.8689482470784641 0.45465465465465466 0.13939899833055092 0.009009009009009009 
57 0.7462437395659433 0.46846846846846846 0.09849749582637729 0.00960960960960961 
58 0.7479131886477463 0.4828828828828829 0.09265442404006678 0.00960960960960961 
59 0.8656093489148581 0.4954954954954955 0.07345575959933222 0.010810810810810811 
60 0.842237061769616 0.5153153153153153 0.2270450751252087 0.010810810810810811 
61 0.7395659432387313 0.5417417417417417 0.010851419031719533 0.007207207207207207 
61 0.8213689482470785 0.542942942942943 0.011686143572621035 0.005405405405405406 
62 0.7529215358931552 0.5711711711711712 0.10350584307178631 0.01021021021021021 
63 0.7303839732888147 0.5861861861861862 0.05926544240400668 0.012012012012012012 
64 0.8063439065108514 0.603003003003003 0.09766277128547579 0.010810810810810811 
65 0.8071786310517529 0.618018018018018 0.20617696160267113 0.012012012012012012 
66 0.8606010016694491 0.633033033033033 0.06260434056761269 0.009009009009009009 
67 0.8430717863105175 0.6498498498498498 0.23121869782971619 0.013213213213213212 
68 0.8414023372287145 0.6642642642642642 0.12186978297161936 0.01021021021021021 
69 0.7813021702838063 0.6792792792792792 0.02921535893155259 0.011411411411411412 
70 0.8021702838063439 0.6948948948948949 0.08430717863105175 0.00960960960960961 
71 0.8889816360601002 0.8660660660660661 0.13939899833055092 0.004204204204204204 
6 0.6318864774624374 0.06906906906906907 0.010851419031719533 0.007207207207207207 
3 0.2378964941569282 0.11651651651651651 0.015025041736227046 0.008408408408408409 
72 0.1636060100166945 0.11711711711711711 0.009181969949916527 0.006006006006006006 
73 0.3739565943238731 0.203003003003003 0.0 0.0 
74 0.3722871452420701 0.21501501501501502 0.0 0.0 
75 0.3814691151919866 0.24024024024024024 0.015859766277128547 0.009009009009009009 
76 0.3831385642737897 0.2606606606606607 0.019198664440734557 0.00960960960960961 
77 0.3739565943238731 0.2894894894894895 0.0 0.0 
78 0.3814691151919866 0.3165165165165165 0.012520868113522538 0.008408408408408409 
79 0.3814691151919866 0.34474474474474476 0.015859766277128547 0.01021021021021021 
80 0.3814691151919866 0.3747747747747748 0.015025041736227046 0.008408408408408409 
81 0.3814691151919866 0.412012012012012 0.015025041736227046 0.01021021021021021 
82 0.3789649415692821 0.44144144144144143 0.010851419031719533 0.008408408408408409 
83 0.3747913188647746 0.46066066066066064 0.0 0.0 
84 0.3797996661101836 0.47927927927927927 0.012520868113522538 0.009009009009009009 
85 0.3823038397328882 0.4996996996996997 0.017529215358931552 0.010810810810810811 
86 0.3756260434056761 0.5177177177177177 0.0 0.0 
87 0.3722871452420701 0.5387387387387388 0.0 0.0 
88 0.3823038397328882 0.5663663663663664 0.01669449081803005 0.010810810810810811 
89 0.3797996661101836 0.5957957957957958 0.01669449081803005 0.00960960960960961 
90 0.3739565943238731 0.6264264264264264 0.0 0.0 
91 0.6176961602671118 0.6234234234234234 0.02003338898163606 0.012012012012012012 
92 0.6110183639398998 0.5963963963963964 0.0 0.0 
93 0.6210350584307178 0.5669669669669669 0.018363939899833055 0.010810810810810811 
94 0.6101836393989983 0.5399399399399399 0.0 0.0 
95 0.6210350584307178 0.5171171171171172 0.018363939899833055 0.01021021021021021 
96 0.6210350584307178 0.5015015015015015 0.020868113522537562 0.010810810810810811 
97 0.6202003338898163 0.4804804804804805 0.018363939899833055 0.00960960960960961 
98 0.6202003338898163 0.46006006006006006 0.018363939899833055 0.00960960960960961 
99 0.6168614357262103 0.44144144144144143 0.015025041736227046 0.01021021021021021 
100 0.6101836393989983 0.4144144144144144 0.0 0.0 
101 0.6118530884808013 0.375975975975976 0.0 0.0 
102 0.6176961602671118 0.34594594594594597 0.01669449081803005 0.011411411411411412 
103 0.6210350584307178 0.3171171171171171 0.02003338898163606 0.010810810810810811 
104 0.6101836393989983 0.2894894894894895 0.0 0.0 
105 0.6185308848080133 0.26126126126126126 0.012520868113522538 0.009009009009009009 
106 0.6101836393989983 0.24024024024024024 0.0 0.0 
107 0.6168614357262103 0.21441441441441442 0.015025041736227046 0.01021021021021021 
108 0.6118530884808013 0.2012012012012012 0.0 0.0 
29 0.21285475792988315 0.5417417417417417 0.0 0.0 
