0 0.09098497495826377 0.06966966966966967 0.11268781302170283 0.012612612612612612 
1 0.22036727879799667 0.06846846846846846 0.0667779632721202 0.013813813813813814 
2 0.335559265442404 0.06846846846846846 0.08347245409015025 0.009009009009009009 
3 0.31552587646076796 0.11651651651651651 0.0 0.0 
4 0.08180300500834725 0.11651651651651651 0.015859766277128547 0.00960960960960961 
5 0.4749582637729549 0.06666666666666667 0.19449081803005008 0.011411411411411412 
6 0.7078464106844741 0.07027027027027027 0.0 0.0 
7 0.5417362270450752 0.0990990990990991 0.3564273789649416 0.015015015015015015 
8 0.1652754590984975 0.17477477477477477 0.1335559265442404 0.010810810810810811 
9 0.13606010016694492 0.1891891891891892 0.08013355592654424 0.013813813813813814 
10 0.18113522537562604 0.209009009009009 0.1652754590984975 0.012612612612612612 
11 0.15609348914858096 0.22402402402402402 0.07429048414023372 0.012012012012012012 
12 0.28130217028380633 0.22402402402402402 0.10434056761268781 0.012012012012012012 
13 0.19616026711185308 0.24204204204204205 0.14106844741235391 0.013213213213213212 
14 0.1001669449081803 0.3027027027027027 0.11101836393989983 0.007807807807807808 
15 0.07762938230383973 0.3261261261261261 0.0676126878130217 0.008408408408408409 
16 0.08347245409015025 0.34654654654654654 0.07929883138564274 0.00960960960960961 
17 0.24707846410684475 0.3237237237237237 0.07262103505843072 0.009009009009009009 
18 0.2579298831385643 0.3471471471471472 0.08848080133555926 0.00960960960960961 
19 0.19031719532554256 0.3813813813813814 0.18363939899833054 0.013813813813813814 
20 0.1419031719532554 0.39579579579579577 0.05342237061769616 0.012612612612612612 
21 0.18113522537562604 0.4114114114114114 0.0709515859766277 0.011411411411411412 
22 0.2604340567612688 0.439039039039039 0.05008347245409015 0.013813813813813814 
23 0.3347245409015025 0.439039039039039 0.048414023372287146 0.012612612612612612 
24 0.27629382303839733 0.45465465465465466 0.164440734557596 0.01021021021021021 
25 0.12520868113522537 0.4678678678678679 0.0667779632721202 0.00960960960960961 
26 0.2045075125208681 0.4828828828828829 0.21202003338898165 0.012012012012012012 
27 0.2871452420701169 0.4966966966966967 0.11602671118530884 0.012012012012012012 
28 0.1994991652754591 0.5153153153153153 0.14106844741235391 0.013813813813813814 
29 0.1293823038397329 0.542942942942943 0.0 0.0 
30 0.13772954924874792 0.5711711711711712 0.07178631051752922 0.01021021021021021 
31 0.15275459098497496 0.5861861861861862 0.1018363939899833 0.01021021021021021 
32 0.21452420701168615 0.6024024024024024 0.10434056761268781 0.013213213213213212 
33 0.15943238731218698 0.6174174174174174 0.11602671118530884 0.01021021021021021 
34 0.2687813021702838 0.6318318318318318 0.07679465776293823 0.011411411411411412 
35 0.2353923205342237 0.648048048048048 0.22287145242070117 0.012612612612612612 
36 0.2278797996661102 0.6648648648648648 0.09682804674457429 0.01021021021021021 
37 0.17111853088480802 0.6792792792792792 0.015025041736227046 0.010810810810810811 
38 0.21702838063439064 0.6960960960960961 0.11185308848080133 0.012612612612612612 
39 0.10517529215358931 0.8684684684684685 0.1335559265442404 0.0036036036036036037 
40 0.7537562604340567 0.17537537537537537 0.09849749582637729 0.010810810810810811 
41 0.7579298831385642 0.19039039039039038 0.11185308848080133 0.010810810810810811 
42 0.8121869782971619 0.206006006006006 0.21535893155258765 0.012612612612612612 
43 0.7595993322203672 0.22402402402402402 0.07595993322203673 0.012612612612612612 
44 0.8939899833055092 0.2222222222222222 0.12270450751252086 0.014414414414414415 
45 0.843906510851419 0.24384384384384383 0.2362270450751252 0.014414414414414415 
46 0.7195325542570952 0.3069069069069069 0.14691151919866444 0.009009009009009009 
47 0.6928213689482471 0.32732732732732733 0.09515859766277128 0.010810810810810811 
48 0.6861435726210351 0.34774774774774775 0.07929883138564274 0.009009009009009009 
49 0.8564273789649416 0.34774774774774775 0.08681135225375626 0.01021021021021021 
50 0.8530884808013356 0.3267267267267267 0.08096828046744574 0.00960960960960961 
51 0.7971619365609349 0.38078078078078076 0.18864774624373956 0.010810810810810811 
52 0.7412353923205343 0.3945945945945946 0.04424040066777963 0.01021021021021021 
53 0.7846410684474123 0.4096096096096096 0.06928213689482471 0.012012012012012012 
54 0.8589315525876461 0.44084084084084085 0.04257095158597663 0.00960960960960961 
55 0.9373956594323873 0.43963963963963965 0.04757929883138564 0.012612612612612612 
56 0.8772954924874792 0.45525525525525523 0.15609348914858096 0.007207207207207207 
57 0.7420701168614358 0.4678678678678679 0.09015025041736227 0.00960960960960961 
58 0.7612687813021702 0.48228228228228226 0.11853088480801335 0.01021021021021021 
59 0.8789649415692822 0.4954954954954955 0.1001669449081803 0.012012012012012012 
60 0.845575959933222 0.5159159159159159 0.2345575959933222 0.009009009009009009 
61 0.7395659432387313 0.5417417417417417 0.01001669449081803 0.006006006006006006 
61 0.8213689482470785 0.5423423423423424 0.011686143572621035 0.007207207207207207 
62 0.7838063439065108 0.5705705705705706 0.166110183639399 0.01021021021021021 
63 0.7295492487479132 0.5855855855855856 0.05759599332220367 0.011411411411411412 
64 0.8030050083472454 0.6024024024024024 0.09015025041736227 0.012012012012012012 
65 0.8247078464106845 0.6174174174174174 0.24123539232053423 0.013213213213213212 
66 0.8731218697829716 0.6324324324324324 0.08764607679465776 0.010810810810810811 
67 0.7954924874791319 0.6492492492492492 0.1352253756260434 0.012612612612612612 
68 0.830550918196995 0.6642642642642642 0.1001669449081803 0.01021021021021021 
69 0.7804674457429048 0.6780780780780781 0.02671118530884808 0.009009009009009009 
70 0.8038397328881469 0.6942942942942943 0.08764607679465776 0.01021021021021021 
71 0.8898163606010017 0.8648648648648649 0.14106844741235391 0.006006006006006006 
6 0.6268781302170284 0.06846846846846846 0.0 0.0 
3 0.2303839732888147 0.11651651651651651 0.0 0.0 
72 0.164440734557596 0.11711711711711711 0.01001669449081803 0.006006006006006006 
73 0.3739565943238731 0.203003003003003 0.0 0.0 
74 0.3772954924874791 0.21441441441441442 0.010851419031719533 0.006606606606606606 
75 0.3806343906510851 0.24024024024024024 0.01335559265442404 0.008408408408408409 
76 0.3814691151919866 0.26006006006006005 0.015859766277128547 0.00960960960960961 
77 0.3806343906510851 0.2882882882882883 0.01335559265442404 0.009009009009009009 
78 0.3756260434056761 0.3165165165165165 0.0 0.0 
79 0.3739565943238731 0.34594594594594597 0.0 0.0 
80 0.3739565943238731 0.3747747747747748 0.0 0.0 
81 0.3814691151919866 0.4114114114114114 0.015025041736227046 0.008408408408408409 
82 0.3739565943238731 0.44144144144144143 0.0 0.0 
83 0.3747913188647746 0.46066066066066064 0.0 0.0 
84 0.3806343906510851 0.47927927927927927 0.014190317195325543 0.00960960960960961 
85 0.3739565943238731 0.5009009009009009 0.0 0.0 
86 0.3823038397328882 0.5165165165165165 0.014190317195325543 0.009009009009009009 
87 0.3722871452420701 0.5387387387387388 0.0 0.0 
88 0.3823038397328882 0.5657657657657658 0.017529215358931552 0.010810810810810811 
89 0.3781302170283806 0.5951951951951951 0.014190317195325543 0.00960960960960961 
90 0.3814691151919866 0.6276276276276276 0.015859766277128547 0.005405405405405406 
91 0.6076794657762938 0.6252252252252253 0.0 0.0 
92 0.6185308848080133 0.593993993993994 0.015859766277128547 0.00960960960960961 
93 0.6118530884808013 0.5681681681681682 0.0 0.0 
94 0.6101836393989983 0.5399399399399399 0.0 0.0 
95 0.6118530884808013 0.5183183183183183 0.0 0.0 
96 0.6210350584307178 0.4996996996996997 0.020868113522537562 0.012612612612612612 
97 0.6110183639398998 0.4810810810810811 0.0 0.0 
98 0.6193656093489148 0.45885885885885885 0.01669449081803005 0.01021021021021021 
99 0.6093489148580968 0.44264264264264264 0.0 0.0 
100 0.6168614357262103 0.4132132132132132 0.01335559265442404 0.008408408408408409 
101 0.6185308848080133 0.3747747747747748 0.01335559265442404 0.008408408408408409 
102 0.6093489148580968 0.34774774774774775 0.0 0.0 
103 0.6110183639398998 0.3183183183183183 0.0 0.0 
104 0.6176961602671118 0.2882882882882883 0.015025041736227046 0.00960960960960961 
105 0.6126878130217028 0.2618618618618619 0.0 0.0 
106 0.6101836393989983 0.24024024024024024 0.0 0.0 
107 0.6093489148580968 0.21561561561561562 0.0 0.0 
108 0.6168614357262103 0.2006006006006006 0.010851419031719533 0.006606606606606606 
29 0.21702838063439064 0.5423423423423424 0.009181969949916527 0.006606606606606606 
