0 0.08764607679465776 0.06966966966966967 0.10517529215358931 0.012612612612612612 
1 0.21702838063439064 0.06906906906906907 0.06010016694490818 0.013813813813813814 
2 0.31886477462437396 0.06726726726726727 0.05008347245409015 0.009009009009009009 
3 0.31552587646076796 0.11471471471471471 0.0 0.0 
4 0.07429048414023372 0.11531531531531532 0.0 0.0 
5 0.4056761268781302 0.06726726726726727 0.05509181969949917 0.013213213213213212 
6 0.7128547579298832 0.06966966966966967 0.010851419031719533 0.00960960960960961 
7 0.48080133555926546 0.1003003003003003 0.2337228714524207 0.013213213213213212 
8 0.1310517529215359 0.17477477477477477 0.0651085141903172 0.011411411411411412 
9 0.11936560934891485 0.19039039039039038 0.04674457429048414 0.014414414414414415 
10 0.169449081803005 0.2084084084084084 0.14273789649415694 0.013813813813813814 
11 0.14607679465776294 0.22462462462462462 0.05342237061769616 0.010810810810810811 
12 0.25375626043405675 0.22342342342342342 0.049248747913188645 0.009009009009009009 
13 0.21035058430717862 0.24264264264264265 0.169449081803005 0.013213213213213212 
14 0.06260434056761269 0.3027027027027027 0.03589315525876461 0.009009009009009009 
15 0.0667779632721202 0.32552552552552555 0.045909849749582635 0.009009009009009009 
16 0.06343906510851419 0.34654654654654654 0.03923205342237062 0.006606606606606606 
17 0.24540901502504173 0.32432432432432434 0.06844741235392321 0.00960960960960961 
18 0.23205342237061768 0.34654654654654654 0.037562604340567615 0.006006006006006006 
19 0.12604340567612687 0.38198198198198197 0.05509181969949917 0.012012012012012012 
20 0.13772954924874792 0.3963963963963964 0.045075125208681135 0.011411411411411412 
21 0.18030050083472454 0.412012012012012 0.06844741235392321 0.012012012012012012 
22 0.2587646076794658 0.44084084084084085 0.04757929883138564 0.010810810810810811 
23 0.3330550918196995 0.43963963963963965 0.045909849749582635 0.012012012012012012 
24 0.24290484140233723 0.45645645645645644 0.09766277128547579 0.00960960960960961 
25 0.11769616026711185 0.46606606606606604 0.052587646076794656 0.006606606606606606 
26 0.15358931552587646 0.4828828828828829 0.11101836393989983 0.012612612612612612 
27 0.25542570951585974 0.4966966966966967 0.05175292153589316 0.00960960960960961 
28 0.18948247078464106 0.5153153153153153 0.12020033388981637 0.01021021021021021 
29 0.1293823038397329 0.5411411411411411 0.0 0.0 
30 0.12520868113522537 0.5711711711711712 0.04757929883138564 0.007207207207207207 
31 0.1302170283806344 0.5873873873873874 0.05759599332220367 0.011411411411411412 
32 0.21118530884808012 0.603003003003003 0.09682804674457429 0.011411411411411412 
33 0.14357262103505844 0.6174174174174174 0.08430717863105175 0.009009009009009009 
34 0.25542570951585974 0.6318318318318318 0.05008347245409015 0.00960960960960961 
35 0.18697829716193656 0.6486486486486487 0.12604340567612687 0.012012012012012012 
36 0.1994991652754591 0.6642642642642642 0.040901502504173626 0.007807807807807808 
37 0.17028380634390652 0.6810810810810811 0.01335559265442404 0.010810810810810811 
38 0.21035058430717862 0.6966966966966966 0.09849749582637729 0.011411411411411412 
39 0.09181969949916527 0.8654654654654654 0.10767946577629382 0.00960960960960961 
40 0.7295492487479132 0.17537537537537537 0.05091819699499165 0.01021021021021021 
41 0.7212020033388982 0.19099099099099098 0.038397328881469114 0.010810810810810811 
42 0.7554257095158597 0.2072072072072072 0.1018363939899833 0.012012012012012012 
43 0.7579298831385642 0.22402402402402402 0.07262103505843072 0.013213213213213212 
44 0.8597662771285476 0.2222222222222222 0.05342237061769616 0.01021021021021021 
45 0.8021702838063439 0.24324324324324326 0.15191986644407346 0.015615615615615615 
46 0.6919866444073456 0.3063063063063063 0.09181969949916527 0.012012012012012012 
47 0.6769616026711185 0.3267267267267267 0.0642737896494157 0.011411411411411412 
48 0.6652754590984975 0.34774774774774775 0.03672787979966611 0.006006006006006006 
49 0.840567612687813 0.34774774774774775 0.05509181969949917 0.011411411411411412 
50 0.8464106844741235 0.3261261261261261 0.0676126878130217 0.01021021021021021 
51 0.7595993322203672 0.38078078078078076 0.11435726210350584 0.010810810810810811 
52 0.7404006677796328 0.3945945945945946 0.041736227045075125 0.01021021021021021 
53 0.7863105175292153 0.4096096096096096 0.07178631051752922 0.012012012012012012 
54 0.8589315525876461 0.4402402402402402 0.041736227045075125 0.010810810810810811 
55 0.9365609348914858 0.4402402402402402 0.045075125208681135 0.012012012012012012 
56 0.823873121869783 0.4540540540540541 0.048414023372287146 0.006006006006006006 
57 0.7212020033388982 0.46846846846846846 0.049248747913188645 0.00960960960960961 
58 0.7287145242070117 0.4816816816816817 0.05425709515859766 0.007807807807807808 
59 0.8530884808013356 0.4948948948948949 0.049248747913188645 0.009009009009009009 
60 0.7946577629382304 0.5141141141141141 0.1327212020033389 0.012612612612612612 
61 0.7378964941569283 0.5423423423423424 0.00667779632721202 0.006006006006006006 
61 0.8155258764607679 0.5399399399399399 0.0 0.0 
62 0.7320534223706177 0.5711711711711712 0.06260434056761269 0.01021021021021021 
63 0.7220367278797997 0.5861861861861862 0.04257095158597663 0.012012012012012012 
64 0.8013355592654424 0.6018018018018018 0.08764607679465776 0.012612612612612612 
65 0.7621035058430717 0.618018018018018 0.11519198664440734 0.012012012012012012 
66 0.8514190317195326 0.6312312312312313 0.04340567612687813 0.007807807807807808 
67 0.7821368948247078 0.6504504504504505 0.10851419031719532 0.012012012012012012 
68 0.825542570951586 0.6648648648648648 0.09015025041736227 0.00960960960960961 
69 0.7746243739565943 0.6798798798798799 0.015859766277128547 0.010810810810810811 
70 0.8021702838063439 0.6942942942942943 0.08430717863105175 0.01021021021021021 
71 0.8614357262103506 0.8642642642642643 0.08347245409015025 0.008408408408408409 
6 0.6268781302170284 0.06666666666666667 0.0 0.0 
3 0.2345575959933222 0.11711711711711711 0.009181969949916527 0.006606606606606606 
72 0.15943238731218698 0.11411411411411411 0.0 0.0 
73 0.3739565943238731 0.2012012012012012 0.0 0.0 
74 0.3756260434056761 0.21561561561561562 0.007512520868113523 0.006606606606606606 
75 0.3739565943238731 0.23903903903903903 0.0 0.0 
76 0.3739565943238731 0.2594594594594595 0.0 0.0 
77 0.3739565943238731 0.2876876876876877 0.0 0.0 
78 0.3806343906510851 0.3171171171171171 0.010851419031719533 0.007207207207207207 
79 0.3789649415692821 0.34534534534534533 0.01001669449081803 0.00960960960960961 
80 0.3739565943238731 0.372972972972973 0.0 0.0 
81 0.3739565943238731 0.4114114114114114 0.0 0.0 
82 0.3772954924874791 0.44204204204204206 0.007512520868113523 0.006606606606606606 
83 0.3747913188647746 0.45885885885885885 0.0 0.0 
84 0.3739565943238731 0.47807807807807806 0.0 0.0 
85 0.3806343906510851 0.5003003003003003 0.014190317195325543 0.00960960960960961 
86 0.3814691151919866 0.5177177177177177 0.011686143572621035 0.007807807807807808 
87 0.3722871452420701 0.5369369369369369 0.0 0.0 
88 0.3739565943238731 0.5657657657657658 0.0 0.0 
89 0.3772954924874791 0.5963963963963964 0.011686143572621035 0.008408408408408409 
90 0.3797996661101836 0.624024024024024 0.012520868113522538 0.012612612612612612 
91 0.6143572621035058 0.6228228228228229 0.014190317195325543 0.013213213213213212 
92 0.6176961602671118 0.593993993993994 0.01335559265442404 0.012612612612612612 
93 0.6193656093489148 0.5663663663663664 0.015859766277128547 0.011411411411411412 
94 0.6160267111853088 0.5381381381381382 0.012520868113522538 0.012012012012012012 
95 0.6118530884808013 0.5165165165165165 0.0 0.0 
96 0.6185308848080133 0.5003003003003003 0.015859766277128547 0.013213213213213212 
97 0.6110183639398998 0.47927927927927927 0.0 0.0 
98 0.6110183639398998 0.45885885885885885 0.0 0.0 
99 0.6093489148580968 0.44084084084084085 0.0 0.0 
100 0.6160267111853088 0.4144144144144144 0.011686143572621035 0.008408408408408409 
101 0.6118530884808013 0.3741741741741742 0.0 0.0 
102 0.6151919866444073 0.34594594594594597 0.011686143572621035 0.011411411411411412 
103 0.6110183639398998 0.3165165165165165 0.0 0.0 
104 0.6151919866444073 0.28888888888888886 0.010851419031719533 0.00960960960960961 
105 0.6185308848080133 0.26006006006006005 0.011686143572621035 0.011411411411411412 
106 0.6160267111853088 0.24024024024024024 0.011686143572621035 0.008408408408408409 
107 0.6143572621035058 0.21501501501501502 0.010851419031719533 0.00960960960960961 
108 0.6118530884808013 0.1993993993993994 0.0 0.0 
29 0.21535893155258765 0.5423423423423424 0.005843071786310518 0.006606606606606606 
