0 0.09015025041736227 0.06846846846846846 0.11101836393989983 0.00960960960960961 
1 0.22287145242070117 0.06786786786786787 0.07262103505843072 0.010810810810810811 
2 0.333889816360601 0.06786786786786787 0.08096828046744574 0.007807807807807808 
3 0.32136894824707846 0.11531531531531532 0.012520868113522538 0.006606606606606606 
4 0.07429048414023372 0.11711711711711711 0.0 0.0 
5 0.4357262103505843 0.06606606606606606 0.11602671118530884 0.01021021021021021 
6 0.7128547579298832 0.06786786786786787 0.010851419031719533 0.006006006006006006 
7 0.5701168614357263 0.0990990990990991 0.41235392320534225 0.014414414414414415 
8 0.15442404006677796 0.17297297297297298 0.11268781302170283 0.009009009009009009 
9 0.13772954924874792 0.1885885885885886 0.08347245409015025 0.00960960960960961 
10 0.21702838063439064 0.2072072072072072 0.2370617696160267 0.01021021021021021 
11 0.14357262103505844 0.2222222222222222 0.048414023372287146 0.008408408408408409 
12 0.27712854757929883 0.22342342342342342 0.09515859766277128 0.00960960960960961 
13 0.24040066777963273 0.24384384384384383 0.2295492487479132 0.010810810810810811 
14 0.11686143572621036 0.3027027027027027 0.14357262103505844 0.006606606606606606 
15 0.07679465776293823 0.3249249249249249 0.0659432387312187 0.006606606606606606 
16 0.08514190317195326 0.34594594594594597 0.08180300500834725 0.009009009009009009 
17 0.24624373956594323 0.3237237237237237 0.07011686143572621 0.008408408408408409 
18 0.25375626043405675 0.34654654654654654 0.08013355592654424 0.008408408408408409 
19 0.12604340567612687 0.3801801801801802 0.055926544240400666 0.010810810810810811 
20 0.14273789649415694 0.393993993993994 0.055926544240400666 0.00960960960960961 
21 0.17529215358931552 0.4102102102102102 0.05843071786310518 0.00960960960960961 
22 0.2579298831385643 0.4402402402402402 0.045909849749582635 0.006606606606606606 
23 0.3347245409015025 0.43723723723723723 0.048414023372287146 0.00960960960960961 
24 0.27796327212020033 0.45585585585585586 0.167779632721202 0.007807807807807808 
25 0.14858096828046743 0.4678678678678679 0.11352253756260434 0.009009009009009009 
26 0.19532554257095158 0.4810810810810811 0.19365609348914858 0.01021021021021021 
27 0.2604340567612688 0.4954954954954955 0.06176961602671119 0.010810810810810811 
28 0.24540901502504173 0.5159159159159159 0.2328881469115192 0.012612612612612612 
29 0.1343906510851419 0.5411411411411411 0.010851419031719533 0.006006006006006006 
30 0.14273789649415694 0.5705705705705706 0.08180300500834725 0.00960960960960961 
31 0.1310517529215359 0.5855855855855856 0.05926544240400668 0.009009009009009009 
32 0.21368948247078465 0.6006006006006006 0.10267111853088481 0.010810810810810811 
33 0.18697829716193656 0.6168168168168168 0.17028380634390652 0.008408408408408409 
34 0.28046744574290483 0.6306306306306306 0.1010016694490818 0.01021021021021021 
35 0.2362270450751252 0.6486486486486487 0.22370617696160267 0.012012012012012012 
36 0.2270450751252087 0.6636636636636637 0.09599332220367279 0.009009009009009009 
37 0.17863105175292154 0.6786786786786787 0.030884808013355594 0.009009009009009009 
38 0.21368948247078465 0.6942942942942943 0.10517529215358931 0.00960960960960961 
39 0.11018363939899833 0.8684684684684685 0.14440734557595994 0.0036036036036036037 
40 0.7362270450751253 0.17417417417417416 0.06343906510851419 0.00960960960960961 
41 0.7420701168614358 0.1891891891891892 0.08096828046744574 0.00960960960960961 
42 0.8113522537562604 0.2048048048048048 0.21368948247078465 0.011411411411411412 
43 0.7562604340567612 0.2222222222222222 0.06928213689482471 0.010810810810810811 
44 0.8914858096828047 0.22162162162162163 0.11686143572621036 0.010810810810810811 
45 0.7996661101836394 0.24084084084084084 0.14691151919866444 0.012012012012012012 
46 0.7178631051752922 0.3081081081081081 0.14440734557595994 0.007807807807807808 
47 0.6844741235392321 0.3261261261261261 0.07846410684474124 0.008408408408408409 
48 0.6869782971619366 0.3471471471471472 0.08013355592654424 0.008408408408408409 
49 0.8580968280467446 0.3471471471471472 0.09098497495826377 0.00960960960960961 
50 0.8505843071786311 0.32552552552552555 0.07595993322203673 0.008408408408408409 
51 0.7353923205342237 0.378978978978979 0.0651085141903172 0.009009009009009009 
52 0.7387312186978298 0.3933933933933934 0.038397328881469114 0.008408408408408409 
53 0.7804674457429048 0.4078078078078078 0.06093489148580968 0.00960960960960961 
54 0.8589315525876461 0.43843843843843844 0.04257095158597663 0.007807807807807808 
55 0.9382303839732888 0.43963963963963965 0.048414023372287146 0.008408408408408409 
56 0.840567612687813 0.45345345345345345 0.08263772954924875 0.007807807807807808 
57 0.7504173622704507 0.46726726726726725 0.10767946577629382 0.008408408408408409 
58 0.7829716193656093 0.4816816816816817 0.16277128547579298 0.009009009009009009 
59 0.8647746243739566 0.4948948948948949 0.07262103505843072 0.00960960960960961 
60 0.8447412353923205 0.5141141141141141 0.2328881469115192 0.012612612612612612 
61 0.7345575959933222 0.5411411411411411 0.0 0.0 
61 0.8155258764607679 0.5417417417417417 0.0 0.0 
62 0.7404006677796328 0.5705705705705706 0.07929883138564274 0.009009009009009009 
63 0.7395659432387313 0.584984984984985 0.07679465776293823 0.00960960960960961 
64 0.8113522537562604 0.6006006006006006 0.10767946577629382 0.01021021021021021 
65 0.8071786310517529 0.6168168168168168 0.20534223706176963 0.010810810810810811 
66 0.8706176961602671 0.6318318318318318 0.08263772954924875 0.008408408408408409 
67 0.8447412353923205 0.6504504504504505 0.2337228714524207 0.012012012012012012 
68 0.8280467445742905 0.6636636636636637 0.09515859766277128 0.008408408408408409 
69 0.7746243739565943 0.6774774774774774 0.015025041736227046 0.008408408408408409 
70 0.8080133555926544 0.6930930930930931 0.09515859766277128 0.008408408408408409 
71 0.8923205342237062 0.8654654654654654 0.14524207011686144 0.004204204204204204 
6 0.6310517529215359 0.06846846846846846 0.008347245409015025 0.004804804804804805 
3 0.2303839732888147 0.11651651651651651 0.0 0.0 
72 0.15943238731218698 0.11591591591591592 0.0 0.0 
73 0.3814691151919866 0.2 0.015025041736227046 0.007807807807807808 
74 0.3722871452420701 0.21501501501501502 0.0 0.0 
75 0.3739565943238731 0.24084084084084084 0.0 0.0 
76 0.3739565943238731 0.26126126126126126 0.0 0.0 
77 0.3739565943238731 0.2894894894894895 0.0 0.0 
78 0.3814691151919866 0.31471471471471474 0.011686143572621035 0.006006006006006006 
79 0.3797996661101836 0.34354354354354355 0.011686143572621035 0.007207207207207207 
80 0.3739565943238731 0.3747747747747748 0.0 0.0 
81 0.3739565943238731 0.4132132132132132 0.0 0.0 
82 0.3789649415692821 0.4402402402402402 0.010851419031719533 0.005405405405405406 
83 0.3747913188647746 0.46066066066066064 0.0 0.0 
84 0.3739565943238731 0.4798798798798799 0.0 0.0 
85 0.3797996661101836 0.4978978978978979 0.012520868113522538 0.007207207207207207 
86 0.3756260434056761 0.5177177177177177 0.0 0.0 
87 0.3722871452420701 0.5387387387387388 0.0 0.0 
88 0.3739565943238731 0.5675675675675675 0.0 0.0 
89 0.3772954924874791 0.5945945945945946 0.011686143572621035 0.006606606606606606 
90 0.3806343906510851 0.6216216216216216 0.014190317195325543 0.009009009009009009 
91 0.6076794657762938 0.6252252252252253 0.0 0.0 
92 0.6176961602671118 0.5921921921921922 0.01335559265442404 0.007807807807807808 
93 0.6185308848080133 0.5651651651651651 0.014190317195325543 0.007807807807807808 
94 0.6176961602671118 0.5363363363363364 0.015025041736227046 0.007807807807807808 
95 0.6168614357262103 0.5159159159159159 0.010851419031719533 0.006606606606606606 
96 0.6110183639398998 0.5027027027027027 0.0 0.0 
97 0.6110183639398998 0.4810810810810811 0.0 0.0 
98 0.6185308848080133 0.45705705705705707 0.015025041736227046 0.007807807807807808 
99 0.6151919866444073 0.43963963963963965 0.011686143572621035 0.006606606606606606 
100 0.6101836393989983 0.4144144144144144 0.0 0.0 
101 0.6185308848080133 0.37357357357357357 0.01335559265442404 0.007207207207207207 
102 0.6093489148580968 0.34774774774774775 0.0 0.0 
103 0.6110183639398998 0.3183183183183183 0.0 0.0 
104 0.6101836393989983 0.2894894894894895 0.0 0.0 
105 0.6176961602671118 0.25825825825825827 0.010851419031719533 0.006606606606606606 
106 0.6101836393989983 0.24024024024024024 0.0 0.0 
107 0.6093489148580968 0.21561561561561562 0.0 0.0 
108 0.6118530884808013 0.2012012012012012 0.0 0.0 
29 0.21619365609348914 0.5417417417417417 0.00667779632721202 0.0036036036036036037 
