0 0.09265442404006678 0.07027027027027027 0.11602671118530884 0.012012012012012012 
1 0.22370617696160267 0.07087087087087086 0.07429048414023372 0.01021021021021021 
2 0.3330550918196995 0.06726726726726727 0.07929883138564274 0.008408408408408409 
3 0.31552587646076796 0.11651651651651651 0.0 0.0 
4 0.08096828046744574 0.11831831831831832 0.014190317195325543 0.005405405405405406 
5 0.42153589315525875 0.06786786786786787 0.08764607679465776 0.00960960960960961 
6 0.7078464106844741 0.07027027027027027 0.0 0.0 
7 0.4958263772954925 0.0984984984984985 0.2646076794657763 0.012012012012012012 
8 0.13856427378964942 0.17537537537537537 0.08013355592654424 0.010810810810810811 
9 0.14607679465776294 0.19099099099099098 0.1010016694490818 0.013213213213213212 
10 0.15525876460767946 0.209009009009009 0.11435726210350584 0.012612612612612612 
11 0.15692821368948248 0.22402402402402402 0.07595993322203673 0.011411411411411412 
12 0.2612687813021703 0.22462462462462462 0.0642737896494157 0.011411411411411412 
13 0.21368948247078465 0.24264264264264265 0.17612687813021702 0.013213213213213212 
14 0.09599332220367279 0.3027027027027027 0.10267111853088481 0.007807807807807808 
15 0.07512520868113523 0.3261261261261261 0.06176961602671119 0.006006006006006006 
16 0.07595993322203673 0.34654654654654654 0.0642737896494157 0.007207207207207207 
17 0.24791318864774625 0.32432432432432434 0.07429048414023372 0.00960960960960961 
18 0.2337228714524207 0.3471471471471472 0.040901502504173626 0.009009009009009009 
19 0.1310517529215359 0.3813813813813814 0.0651085141903172 0.01021021021021021 
20 0.15108514190317196 0.3963963963963964 0.07262103505843072 0.011411411411411412 
21 0.18697829716193656 0.4114114114114114 0.08263772954924875 0.012612612612612612 
22 0.2579298831385643 0.44204204204204206 0.045075125208681135 0.007807807807807808 
23 0.333889816360601 0.44144144144144143 0.04674457429048414 0.007807807807807808 
24 0.2270450751252087 0.45585585585585586 0.0659432387312187 0.010810810810810811 
25 0.12103505843071787 0.46606606606606604 0.05843071786310518 0.012612612612612612 
26 0.167779632721202 0.48348348348348347 0.13856427378964942 0.011411411411411412 
27 0.27212020033388984 0.4954954954954955 0.08597662771285476 0.009009009009009009 
28 0.21702838063439064 0.5153153153153153 0.17612687813021702 0.014414414414414415 
29 0.13772954924874792 0.5435435435435435 0.01669449081803005 0.006606606606606606 
30 0.14607679465776294 0.5723723723723724 0.08848080133555926 0.00960960960960961 
31 0.1327212020033389 0.5873873873873874 0.06176961602671119 0.010810810810810811 
32 0.2303839732888147 0.6024024024024024 0.13606010016694492 0.013213213213213212 
33 0.14858096828046743 0.618018018018018 0.09348914858096828 0.009009009009009009 
34 0.2696160267111853 0.6306306306306306 0.07846410684474124 0.007807807807807808 
35 0.24540901502504173 0.6486486486486487 0.24290484140233723 0.011411411411411412 
36 0.2303839732888147 0.6654654654654655 0.1018363939899833 0.00960960960960961 
37 0.17612687813021702 0.6804804804804805 0.025041736227045076 0.012012012012012012 
38 0.2262103505843072 0.6966966966966966 0.1302170283806344 0.012012012012012012 
39 0.10517529215358931 0.8648648648648649 0.1335559265442404 0.010810810810810811 
40 0.7203672787979967 0.17477477477477477 0.0325542570951586 0.011411411411411412 
41 0.7353923205342237 0.19039039039039038 0.0676126878130217 0.011411411411411412 
42 0.8038397328881469 0.2066066066066066 0.1994991652754591 0.013213213213213212 
43 0.7604340567612687 0.22462462462462462 0.07762938230383973 0.011411411411411412 
44 0.8672787979966611 0.2228228228228228 0.06928213689482471 0.015015015015015015 
45 0.8430717863105175 0.24264264264264265 0.2345575959933222 0.016216216216216217 
46 0.6928213689482471 0.3063063063063063 0.09432387312186978 0.00960960960960961 
47 0.6853088480801336 0.32732732732732733 0.08096828046744574 0.01021021021021021 
48 0.6803005008347245 0.34774774774774775 0.0676126878130217 0.00960960960960961 
49 0.8489148580968281 0.34774774774774775 0.07262103505843072 0.010810810810810811 
50 0.8555926544240401 0.3267267267267267 0.08514190317195326 0.00960960960960961 
51 0.7362270450751253 0.38078078078078076 0.0676126878130217 0.010810810810810811 
52 0.7437395659432388 0.3945945945945946 0.048414023372287146 0.01021021021021021 
53 0.7921535893155259 0.4096096096096096 0.08430717863105175 0.012012012012012012 
54 0.8580968280467446 0.44144144144144143 0.04006677796327212 0.007807807807807808 
55 0.9365609348914858 0.4402402402402402 0.045075125208681135 0.011411411411411412 
56 0.8505843071786311 0.45465465465465466 0.10267111853088481 0.00960960960960961 
57 0.7387312186978298 0.46846846846846846 0.08347245409015025 0.00960960960960961 
58 0.7637729549248747 0.48228228228228226 0.12353923205342238 0.01021021021021021 
59 0.8689482470784641 0.4948948948948949 0.08013355592654424 0.00960960960960961 
60 0.8130217028380634 0.5147147147147147 0.1686143572621035 0.012012012012012012 
61 0.7404006677796328 0.5435435435435435 0.012520868113522538 0.0036036036036036037 
61 0.8213689482470785 0.5441441441441441 0.011686143572621035 0.0036036036036036037 
62 0.7195325542570952 0.5717717717717717 0.037562604340567615 0.00960960960960961 
63 0.7253756260434057 0.5861861861861862 0.049248747913188645 0.011411411411411412 
64 0.8171953255425709 0.6024024024024024 0.11853088480801335 0.012012012012012012 
65 0.7704507512520868 0.6174174174174174 0.1327212020033389 0.012612612612612612 
66 0.8622704507512521 0.6324324324324324 0.0659432387312187 0.008408408408408409 
67 0.8096828046744574 0.6504504504504505 0.164440734557596 0.010810810810810811 
68 0.832220367278798 0.6648648648648648 0.10350584307178631 0.00960960960960961 
69 0.7762938230383973 0.6792792792792792 0.018363939899833055 0.011411411411411412 
70 0.8163606010016694 0.6942942942942943 0.11185308848080133 0.01021021021021021 
71 0.8656093489148581 0.8642642642642643 0.09265442404006678 0.008408408408408409 
6 0.6268781302170284 0.06846846846846846 0.0 0.0 
3 0.2395659432387312 0.11651651651651651 0.018363939899833055 0.007807807807807808 
72 0.164440734557596 0.11771771771771772 0.010851419031719533 0.004204204204204204 
73 0.3814691151919866 0.2036036036036036 0.015859766277128547 0.006606606606606606 
74 0.3806343906510851 0.21561561561561562 0.01669449081803005 0.006606606606606606 
75 0.3739565943238731 0.24084084084084084 0.0 0.0 
76 0.3739565943238731 0.26126126126126126 0.0 0.0 
77 0.3823038397328882 0.29009009009009007 0.01669449081803005 0.006606606606606606 
78 0.3756260434056761 0.3165165165165165 0.0 0.0 
79 0.3823038397328882 0.34654654654654654 0.017529215358931552 0.006606606606606606 
80 0.3814691151919866 0.37537537537537535 0.015025041736227046 0.006606606606606606 
81 0.3739565943238731 0.4132132132132132 0.0 0.0 
82 0.3814691151919866 0.44264264264264264 0.015025041736227046 0.006006006006006006 
83 0.38397328881469117 0.46126126126126127 0.019198664440734557 0.006606606606606606 
84 0.3814691151919866 0.4804804804804805 0.015025041736227046 0.006606606606606606 
85 0.3823038397328882 0.5015015015015015 0.01669449081803005 0.006606606606606606 
86 0.3756260434056761 0.5177177177177177 0.0 0.0 
87 0.3722871452420701 0.5387387387387388 0.0 0.0 
88 0.3739565943238731 0.5675675675675675 0.0 0.0 
89 0.3814691151919866 0.5963963963963964 0.02003338898163606 0.007807807807807808 
90 0.3739565943238731 0.6264264264264264 0.0 0.0 
91 0.6076794657762938 0.6252252252252253 0.0 0.0 
92 0.6110183639398998 0.5963963963963964 0.0 0.0 
93 0.6202003338898163 0.5681681681681682 0.017529215358931552 0.007807807807807808 
94 0.6185308848080133 0.5405405405405406 0.017529215358931552 0.007207207207207207 
95 0.6202003338898163 0.518918918918919 0.017529215358931552 0.006606606606606606 
96 0.6193656093489148 0.5033033033033033 0.01669449081803005 0.007207207207207207 
97 0.6185308848080133 0.4816816816816817 0.015025041736227046 0.007207207207207207 
98 0.6185308848080133 0.46126126126126127 0.015025041736227046 0.007207207207207207 
99 0.6093489148580968 0.44264264264264264 0.0 0.0 
100 0.6185308848080133 0.4144144144144144 0.017529215358931552 0.007807807807807808 
101 0.6118530884808013 0.375975975975976 0.0 0.0 
102 0.6093489148580968 0.34774774774774775 0.0 0.0 
103 0.6110183639398998 0.3183183183183183 0.0 0.0 
104 0.6101836393989983 0.2894894894894895 0.0 0.0 
105 0.6126878130217028 0.2618618618618619 0.0 0.0 
106 0.6176961602671118 0.24084084084084084 0.015859766277128547 0.006606606606606606 
107 0.6093489148580968 0.21561561561561562 0.0 0.0 
108 0.6118530884808013 0.2012012012012012 0.0 0.0 
29 0.21869782971619364 0.5435435435435435 0.011686143572621035 0.004204204204204204 
