0 0.08347245409015025 0.06966966966966967 0.09682804674457429 0.012612612612612612 
1 0.22370617696160267 0.07027027027027027 0.07429048414023372 0.011411411411411412 
2 0.333889816360601 0.06966966966966967 0.08013355592654424 0.00960960960960961 
3 0.32303839732888145 0.11651651651651651 0.015025041736227046 0.008408408408408409 
4 0.07429048414023372 0.11711711711711711 0.0 0.0 
5 0.4540901502504174 0.06726726726726727 0.15191986644407346 0.012612612612612612 
6 0.7136894824707847 0.06966966966966967 0.012520868113522538 0.009009009009009009 
7 0.6377295492487479 0.0990990990990991 0.5484140233722872 0.015615615615615615 
8 0.13772954924874792 0.17477477477477477 0.07929883138564274 0.011411411411411412 
9 0.16110183639398998 0.1897897897897898 0.1310517529215359 0.015015015015015015 
10 0.2036727879799666 0.20960960960960962 0.21035058430717862 0.011411411411411412 
11 0.15859766277128548 0.22462462462462462 0.07929883138564274 0.01021021021021021 
12 0.27963272120200333 0.22462462462462462 0.1001669449081803 0.012012012012012012 
13 0.21452420701168615 0.24204204204204205 0.17696160267111852 0.014414414414414415 
14 0.11686143572621036 0.3033033033033033 0.14357262103505844 0.007807807807807808 
15 0.08430717863105175 0.3261261261261261 0.08096828046744574 0.007807807807807808 
16 0.08514190317195326 0.3471471471471472 0.08263772954924875 0.00960960960960961 
17 0.2629382303839733 0.3249249249249249 0.10350584307178631 0.008408408408408409 
18 0.25459098497495825 0.3471471471471472 0.08263772954924875 0.00960960960960961 
19 0.167779632721202 0.3813813813813814 0.13939899833055092 0.013813813813813814 
20 0.15108514190317196 0.39579579579579577 0.07178631051752922 0.012612612612612612 
21 0.19365609348914858 0.412012012012012 0.09515859766277128 0.012012012012012012 
22 0.2587646076794658 0.44144144144144143 0.04757929883138564 0.00960960960960961 
23 0.332220367278798 0.43963963963963965 0.04424040066777963 0.012012012012012012 
24 0.27963272120200333 0.45645645645645644 0.17028380634390652 0.00960960960960961 
25 0.20701168614357263 0.46846846846846846 0.23121869782971619 0.010810810810810811 
26 0.21035058430717862 0.4828828828828829 0.22370617696160267 0.012612612612612612 
27 0.27963272120200333 0.4972972972972973 0.1001669449081803 0.012012012012012012 
28 0.24373956594323873 0.5183183183183183 0.2295492487479132 0.008408408408408409 
29 0.1293823038397329 0.542942942942943 0.0 0.0 
30 0.14524207011686144 0.5717717717717717 0.08764607679465776 0.010810810810810811 
31 0.13606010016694492 0.5873873873873874 0.06928213689482471 0.012012012012012012 
32 0.22370617696160267 0.6024024024024024 0.12186978297161936 0.012612612612612612 
33 0.17612687813021702 0.6174174174174174 0.14941569282136896 0.01021021021021021 
34 0.28130217028380633 0.6324324324324324 0.1018363939899833 0.012012012012012012 
35 0.2395659432387312 0.6492492492492492 0.2303839732888147 0.01021021021021021 
36 0.2579298831385643 0.6648648648648648 0.15692821368948248 0.010810810810810811 
37 0.18614357262103506 0.6804804804804805 0.045075125208681135 0.011411411411411412 
38 0.21535893155258765 0.6966966966966966 0.10934891485809682 0.012012012012012012 
39 0.11185308848080133 0.8654654654654654 0.14691151919866444 0.009009009009009009 
40 0.7437395659432388 0.17477477477477477 0.07929883138564274 0.011411411411411412 
41 0.7629382303839732 0.19099099099099098 0.12186978297161936 0.012012012012012012 
42 0.832220367278798 0.2066066066066066 0.25542570951585974 0.012612612612612612 
43 0.7595993322203672 0.22462462462462462 0.07512520868113523 0.011411411411411412 
44 0.8939899833055092 0.22342342342342342 0.12270450751252086 0.014414414414414415 
45 0.8297161936560935 0.24264264264264265 0.20701168614357263 0.016216216216216217 
46 0.7178631051752922 0.3063063063063063 0.14440734557595994 0.012012012012012012 
47 0.6886477462437396 0.3279279279279279 0.08764607679465776 0.00960960960960961 
48 0.6936560934891486 0.3483483483483483 0.09432387312186978 0.00960960960960961 
49 0.8580968280467446 0.3483483483483483 0.09098497495826377 0.010810810810810811 
50 0.8572621035058431 0.3267267267267267 0.08848080133555926 0.00960960960960961 
51 0.7387312186978298 0.3813813813813814 0.07262103505843072 0.00960960960960961 
52 0.7412353923205343 0.3951951951951952 0.04340567612687813 0.00960960960960961 
53 0.7921535893155259 0.4096096096096096 0.08430717863105175 0.011411411411411412 
54 0.8580968280467446 0.43963963963963965 0.04006677796327212 0.012012012012012012 
55 0.9365609348914858 0.44084084084084085 0.045075125208681135 0.01021021021021021 
56 0.8614357262103506 0.45465465465465466 0.12437395659432388 0.009009009009009009 
57 0.7462437395659433 0.4678678678678679 0.09849749582637729 0.01021021021021021 
58 0.7737896494156928 0.4828828828828829 0.14440734557595994 0.00960960960960961 
59 0.8706176961602671 0.4954954954954955 0.08347245409015025 0.012612612612612612 
60 0.845575959933222 0.5165165165165165 0.2345575959933222 0.008408408408408409 
61 0.7395659432387313 0.5417417417417417 0.010851419031719533 0.007207207207207207 
61 0.8155258764607679 0.5417417417417417 0.0 0.0 
62 0.7746243739565943 0.5711711711711712 0.14774624373956594 0.01021021021021021 
63 0.7579298831385642 0.5867867867867868 0.11352253756260434 0.010810810810810811 
64 0.7996661101836394 0.603003003003003 0.08430717863105175 0.010810810810810811 
65 0.7771285475792988 0.618018018018018 0.14607679465776294 0.012012012012012012 
66 0.8989983305509182 0.633033033033033 0.13856427378964942 0.009009009009009009 
67 0.8105175292153589 0.6498498498498498 0.1652754590984975 0.012612612612612612 
68 0.8380634390651085 0.6642642642642642 0.11519198664440734 0.010810810810810811 
69 0.7829716193656093 0.6792792792792792 0.03171953255425709 0.011411411411411412 
70 0.8071786310517529 0.6942942942942943 0.09348914858096828 0.01021021021021021 
71 0.8864774624373957 0.8666666666666667 0.1343906510851419 0.003003003003003003 
6 0.6335559265442404 0.06906906906906907 0.014190317195325543 0.006606606606606606 
3 0.2303839732888147 0.11651651651651651 0.0 0.0 
72 0.1636060100166945 0.11711711711711711 0.008347245409015025 0.006006006006006006 
73 0.3814691151919866 0.2018018018018018 0.015025041736227046 0.01021021021021021 
74 0.3722871452420701 0.21501501501501502 0.0 0.0 
75 0.3797996661101836 0.24024024024024024 0.012520868113522538 0.009009009009009009 
76 0.3739565943238731 0.26126126126126126 0.0 0.0 
77 0.3823038397328882 0.28888888888888886 0.01669449081803005 0.00960960960960961 
78 0.3756260434056761 0.3165165165165165 0.0 0.0 
79 0.3739565943238731 0.34594594594594597 0.0 0.0 
80 0.3797996661101836 0.3747747747747748 0.011686143572621035 0.008408408408408409 
81 0.3814691151919866 0.412012012012012 0.015859766277128547 0.01021021021021021 
82 0.3739565943238731 0.44144144144144143 0.0 0.0 
83 0.3747913188647746 0.46066066066066064 0.0 0.0 
84 0.3806343906510851 0.47927927927927927 0.01335559265442404 0.009009009009009009 
85 0.3823038397328882 0.4996996996996997 0.01669449081803005 0.010810810810810811 
86 0.3756260434056761 0.5177177177177177 0.0 0.0 
87 0.3823038397328882 0.5369369369369369 0.02003338898163606 0.011411411411411412 
88 0.3739565943238731 0.5675675675675675 0.0 0.0 
89 0.3797996661101836 0.5957957957957958 0.01669449081803005 0.00960960960960961 
90 0.3739565943238731 0.6264264264264264 0.0 0.0 
91 0.6176961602671118 0.6246246246246246 0.020868113522537562 0.009009009009009009 
92 0.6110183639398998 0.5963963963963964 0.0 0.0 
93 0.6118530884808013 0.5681681681681682 0.0 0.0 
94 0.6185308848080133 0.5381381381381382 0.017529215358931552 0.011411411411411412 
95 0.6118530884808013 0.5183183183183183 0.0 0.0 
96 0.6210350584307178 0.5015015015015015 0.020868113522537562 0.010810810810810811 
97 0.6185308848080133 0.4798798798798799 0.015859766277128547 0.01021021021021021 
98 0.6110183639398998 0.46066066066066064 0.0 0.0 
99 0.6093489148580968 0.44264264264264264 0.0 0.0 
100 0.6101836393989983 0.4144144144144144 0.0 0.0 
101 0.6193656093489148 0.375975975975976 0.015859766277128547 0.008408408408408409 
102 0.6093489148580968 0.34774774774774775 0.0 0.0 
103 0.6110183639398998 0.3183183183183183 0.0 0.0 
104 0.6101836393989983 0.2894894894894895 0.0 0.0 
105 0.6126878130217028 0.2618618618618619 0.0 0.0 
106 0.6176961602671118 0.23963963963963963 0.015025041736227046 0.009009009009009009 
107 0.6093489148580968 0.21561561561561562 0.0 0.0 
108 0.6185308848080133 0.2012012012012012 0.01335559265442404 0.007807807807807808 
29 0.21786310517529214 0.542942942942943 0.010851419031719533 0.006006006006006006 
