0 0.09348914858096828 0.06966966966966967 0.11769616026711185 0.013213213213213212 
1 0.22370617696160267 0.06966966966966967 0.07345575959933222 0.013213213213213212 
2 0.3330550918196995 0.06966966966966967 0.07929883138564274 0.00960960960960961 
3 0.31969949916527546 0.11591591591591592 0.008347245409015025 0.009009009009009009 
4 0.07429048414023372 0.11531531531531532 0.0 0.0 
5 0.4073455759599332 0.06726726726726727 0.05926544240400668 0.013213213213213212 
6 0.7111853088480802 0.06966966966966967 0.007512520868113523 0.009009009009009009 
7 0.5175292153589316 0.0990990990990991 0.3080133555926544 0.015615615615615615 
8 0.15609348914858096 0.17477477477477477 0.11602671118530884 0.011411411411411412 
9 0.12604340567612687 0.19039039039039038 0.06093489148580968 0.014414414414414415 
10 0.18864774624373956 0.20960960960960962 0.18030050083472454 0.011411411411411412 
11 0.14524207011686144 0.22462462462462462 0.052587646076794656 0.010810810810810811 
12 0.2687813021702838 0.22462462462462462 0.07929883138564274 0.012012012012012012 
13 0.2011686143572621 0.24264264264264265 0.15025041736227046 0.012612612612612612 
14 0.11435726210350584 0.3033033033033033 0.13939899833055092 0.008408408408408409 
15 0.07345575959933222 0.3261261261261261 0.05926544240400668 0.007807807807807808 
16 0.07679465776293823 0.34654654654654654 0.0651085141903172 0.01021021021021021 
17 0.2362270450751252 0.32432432432432434 0.05091819699499165 0.00960960960960961 
18 0.24540901502504173 0.3471471471471472 0.0642737896494157 0.00960960960960961 
19 0.21035058430717862 0.3813813813813814 0.22370617696160267 0.013813813813813814 
20 0.13772954924874792 0.39579579579579577 0.045075125208681135 0.012612612612612612 
21 0.17612687813021702 0.412012012012012 0.06093489148580968 0.011411411411411412 
22 0.2570951585976628 0.43963963963963965 0.04340567612687813 0.012612612612612612 
23 0.3297161936560935 0.439039039039039 0.038397328881469114 0.012612612612612612 
24 0.27796327212020033 0.45645645645645644 0.1669449081803005 0.00960960960960961 
25 0.12520868113522537 0.4678678678678679 0.0676126878130217 0.011411411411411412 
26 0.17779632721202004 0.48348348348348347 0.15859766277128548 0.012012012012012012 
27 0.27295492487479134 0.4972972972972973 0.08764607679465776 0.011411411411411412 
28 0.24457429048414023 0.5159159159159159 0.2303839732888147 0.013213213213213212 
29 0.1293823038397329 0.5411411411411411 0.0 0.0 
30 0.13939899833055092 0.5717717717717717 0.07595993322203673 0.01021021021021021 
31 0.14691151919866444 0.5873873873873874 0.09015025041736227 0.012012012012012012 
32 0.22287145242070117 0.603003003003003 0.12103505843071787 0.012012012012012012 
33 0.19282136894824708 0.6174174174174174 0.18196994991652754 0.01021021021021021 
34 0.2704507512520868 0.6318318318318318 0.08096828046744574 0.012612612612612612 
35 0.2353923205342237 0.6492492492492492 0.22203672787979967 0.01021021021021021 
36 0.23205342237061768 0.6648648648648648 0.10517529215358931 0.01021021021021021 
37 0.17278797996661102 0.6810810810810811 0.018363939899833055 0.010810810810810811 
38 0.21619365609348914 0.6960960960960961 0.11101836393989983 0.013213213213213212 
39 0.11018363939899833 0.8648648648648649 0.14357262103505844 0.01021021021021021 
40 0.7378964941569283 0.17477477477477477 0.0667779632721202 0.011411411411411412 
41 0.7429048414023373 0.19039039039039038 0.08263772954924875 0.012612612612612612 
42 0.828881469115192 0.2066066066066066 0.24874791318864775 0.013213213213213212 
43 0.7654424040066778 0.22342342342342342 0.08681135225375626 0.013813813813813814 
44 0.8631051752921536 0.22342342342342342 0.06010016694490818 0.014414414414414415 
45 0.837228714524207 0.24624624624624625 0.22287145242070117 0.009009009009009009 
46 0.7170283806343907 0.3087087087087087 0.1419031719532554 0.006606606606606606 
47 0.6686143572621035 0.32732732732732733 0.04674457429048414 0.01021021021021021 
48 0.6978297161936561 0.34774774774774775 0.1018363939899833 0.01021021021021021 
49 0.8497495826377296 0.3483483483483483 0.07345575959933222 0.01021021021021021 
50 0.8430717863105175 0.3261261261261261 0.06010016694490818 0.01021021021021021 
51 0.7429048414023373 0.38078078078078076 0.08013355592654424 0.010810810810810811 
52 0.7337228714524207 0.3945945945945946 0.028380634390651086 0.01021021021021021 
53 0.7729549248747913 0.4096096096096096 0.045075125208681135 0.011411411411411412 
54 0.8622704507512521 0.4402402402402402 0.049248747913188645 0.010810810810810811 
55 0.9373956594323873 0.43843843843843844 0.04757929883138564 0.015015015015015015 
56 0.8739565943238731 0.45465465465465466 0.14941569282136896 0.00960960960960961 
57 0.7287145242070117 0.4678678678678679 0.06343906510851419 0.01021021021021021 
58 0.7787979966611018 0.48228228228228226 0.15442404006677796 0.01021021021021021 
59 0.8681135225375626 0.4960960960960961 0.07929883138564274 0.012012012012012012 
60 0.7929883138564274 0.5147147147147147 0.1293823038397329 0.011411411411411412 
61 0.7378964941569283 0.5423423423423424 0.00667779632721202 0.005405405405405406 
61 0.8155258764607679 0.5399399399399399 0.0 0.0 
62 0.7479131886477463 0.5711711711711712 0.09432387312186978 0.010810810810810811 
63 0.7337228714524207 0.5867867867867868 0.0651085141903172 0.010810810810810811 
64 0.8030050083472454 0.6024024024024024 0.09098497495826377 0.011411411411411412 
65 0.8005008347245409 0.6174174174174174 0.19282136894824708 0.013213213213213212 
66 0.8622704507512521 0.6324324324324324 0.0651085141903172 0.01021021021021021 
67 0.7879799666110183 0.6498498498498498 0.12103505843071787 0.012612612612612612 
68 0.8313856427378965 0.6642642642642642 0.10267111853088481 0.01021021021021021 
69 0.7737896494156928 0.6792792792792792 0.01335559265442404 0.011411411411411412 
70 0.8071786310517529 0.6942942942942943 0.09348914858096828 0.010810810810810811 
71 0.8864774624373957 0.8654654654654654 0.1335559265442404 0.006006006006006006 
6 0.6293823038397329 0.06966966966966967 0.005008347245409015 0.005405405405405406 
3 0.2303839732888147 0.11471471471471471 0.0 0.0 
72 0.15943238731218698 0.11411411411411411 0.0 0.0 
73 0.3781302170283806 0.2012012012012012 0.008347245409015025 0.011411411411411412 
74 0.3764607679465776 0.21561561561561562 0.008347245409015025 0.007207207207207207 
75 0.3772954924874791 0.24024024024024024 0.007512520868113523 0.009009009009009009 
76 0.3739565943238731 0.2594594594594595 0.0 0.0 
77 0.3789649415692821 0.2894894894894895 0.01001669449081803 0.008408408408408409 
78 0.3781302170283806 0.3165165165165165 0.005843071786310518 0.007807807807807808 
79 0.3772954924874791 0.34534534534534533 0.007512520868113523 0.009009009009009009 
80 0.3739565943238731 0.372972972972973 0.0 0.0 
81 0.3739565943238731 0.4114114114114114 0.0 0.0 
82 0.3739565943238731 0.43963963963963965 0.0 0.0 
83 0.3789649415692821 0.46066066066066064 0.009181969949916527 0.008408408408408409 
84 0.3772954924874791 0.47927927927927927 0.00667779632721202 0.00960960960960961 
85 0.3739565943238731 0.4990990990990991 0.0 0.0 
86 0.3756260434056761 0.5159159159159159 0.0 0.0 
87 0.3781302170283806 0.5375375375375375 0.011686143572621035 0.00960960960960961 
88 0.3781302170283806 0.5657657657657658 0.008347245409015025 0.011411411411411412 
89 0.37145242070116863 0.5945945945945946 0.0 0.0 
90 0.3797996661101836 0.624024024024024 0.012520868113522538 0.012612612612612612 
91 0.6076794657762938 0.6234234234234234 0.0 0.0 
92 0.6110183639398998 0.5945945945945946 0.0 0.0 
93 0.6168614357262103 0.5669669669669669 0.01001669449081803 0.010810810810810811 
94 0.6143572621035058 0.5375375375375375 0.009181969949916527 0.012612612612612612 
95 0.6151919866444073 0.5177177177177177 0.00667779632721202 0.00960960960960961 
96 0.6176961602671118 0.5003003003003003 0.014190317195325543 0.012612612612612612 
97 0.6110183639398998 0.47927927927927927 0.0 0.0 
98 0.6151919866444073 0.4594594594594595 0.008347245409015025 0.010810810810810811 
99 0.6093489148580968 0.44084084084084085 0.0 0.0 
100 0.6101836393989983 0.4126126126126126 0.0 0.0 
101 0.6118530884808013 0.3741741741741742 0.0 0.0 
102 0.6151919866444073 0.34654654654654654 0.011686143572621035 0.00960960960960961 
103 0.6110183639398998 0.3165165165165165 0.0 0.0 
104 0.6101836393989983 0.2876876876876877 0.0 0.0 
105 0.6168614357262103 0.2606606606606607 0.008347245409015025 0.010810810810810811 
106 0.6143572621035058 0.23963963963963963 0.008347245409015025 0.009009009009009009 
107 0.6126878130217028 0.21501501501501502 0.007512520868113523 0.00960960960960961 
108 0.6143572621035058 0.2012012012012012 0.005843071786310518 0.007807807807807808 
29 0.21285475792988315 0.5399399399399399 0.0 0.0 
