0 0.07929883138564274 0.07027027027027027 0.08931552587646077 0.012012012012012012 
1 0.21786310517529214 0.06906906906906907 0.06260434056761269 0.013813813813813814 
2 0.32554257095158595 0.06846846846846846 0.06343906510851419 0.011411411411411412 
3 0.32053422370617696 0.11711711711711711 0.01001669449081803 0.007207207207207207 
4 0.08013355592654424 0.11711711711711711 0.011686143572621035 0.007807807807807808 
5 0.42153589315525875 0.06726726726726727 0.08764607679465776 0.012612612612612612 
6 0.7078464106844741 0.06846846846846846 0.0 0.0 
7 0.4757929883138564 0.0996996996996997 0.22454090150250416 0.014414414414414415 
8 0.12520868113522537 0.17297297297297298 0.05342237061769616 0.006606606606606606 
9 0.11769616026711185 0.19039039039039038 0.04424040066777963 0.013813813813813814 
10 0.13772954924874792 0.209009009009009 0.07929883138564274 0.012612612612612612 
11 0.15108514190317196 0.22402402402402402 0.0642737896494157 0.012012012012012012 
12 0.2629382303839733 0.22402402402402402 0.0667779632721202 0.008408408408408409 
13 0.20534223706176963 0.24204204204204205 0.15859766277128548 0.012012012012012012 
14 0.10601001669449082 0.3021021021021021 0.12186978297161936 0.005405405405405406 
15 0.06260434056761269 0.32552552552552555 0.03672787979966611 0.006006006006006006 
16 0.06928213689482471 0.34474474474474476 0.05008347245409015 0.005405405405405406 
17 0.2345575959933222 0.32432432432432434 0.04757929883138564 0.009009009009009009 
18 0.2387312186978297 0.34534534534534533 0.05008347245409015 0.006006006006006006 
19 0.1293823038397329 0.38198198198198197 0.06176961602671119 0.012012012012012012 
20 0.13939899833055092 0.3963963963963964 0.048414023372287146 0.012012012012012012 
21 0.17863105175292154 0.412012012012012 0.0659432387312187 0.011411411411411412 
22 0.2587646076794658 0.44084084084084085 0.04674457429048414 0.010810810810810811 
23 0.335559265442404 0.43963963963963965 0.05008347245409015 0.012012012012012012 
24 0.23121869782971619 0.45525525525525523 0.07429048414023372 0.011411411411411412 
25 0.11101836393989983 0.4678678678678679 0.03923205342237062 0.01021021021021021 
26 0.15525876460767946 0.48348348348348347 0.11435726210350584 0.012012012012012012 
27 0.2629382303839733 0.4942942942942943 0.0676126878130217 0.007807807807807808 
28 0.1986644407345576 0.5159159159159159 0.13939899833055092 0.013213213213213212 
29 0.1293823038397329 0.5411411411411411 0.0 0.0 
30 0.13606010016694492 0.5711711711711712 0.06844741235392321 0.011411411411411412 
31 0.12020033388981637 0.5867867867867868 0.037562604340567615 0.011411411411411412 
32 0.20868113522537562 0.6024024024024024 0.09181969949916527 0.013213213213213212 
33 0.17278797996661102 0.618018018018018 0.14273789649415694 0.00960960960960961 
34 0.2629382303839733 0.6312312312312313 0.0651085141903172 0.007207207207207207 
35 0.18697829716193656 0.6474474474474474 0.12604340567612687 0.006606606606606606 
36 0.22203672787979967 0.6654654654654655 0.08597662771285476 0.00960960960960961 
37 0.17362270450751252 0.6804804804804805 0.02003338898163606 0.011411411411411412 
38 0.21035058430717862 0.6960960960960961 0.09849749582637729 0.012612612612612612 
39 0.11686143572621036 0.8678678678678678 0.15692821368948248 0.004804804804804805 
40 0.7429048414023373 0.17537537537537537 0.07762938230383973 0.010810810810810811 
41 0.7245409015025042 0.19039039039039038 0.045075125208681135 0.01021021021021021 
42 0.7545909849749582 0.2066066066066066 0.1010016694490818 0.012612612612612612 
43 0.7495826377295493 0.22402402402402402 0.05509181969949917 0.013213213213213212 
44 0.8764607679465777 0.22102102102102103 0.08681135225375626 0.01021021021021021 
45 0.8046744574290484 0.24264264264264265 0.15776293823038398 0.016816816816816817 
46 0.6903171953255426 0.3063063063063063 0.08848080133555926 0.010810810810810811 
47 0.67779632721202 0.32732732732732733 0.0651085141903172 0.01021021021021021 
48 0.6953255425709516 0.3483483483483483 0.09766277128547579 0.00960960960960961 
49 0.843906510851419 0.3483483483483483 0.06260434056761269 0.010810810810810811 
50 0.833889816360601 0.32552552552552555 0.041736227045075125 0.006606606606606606 
51 0.7370617696160268 0.38078078078078076 0.06928213689482471 0.01021021021021021 
52 0.7420701168614358 0.3951951951951952 0.045075125208681135 0.00960960960960961 
53 0.7746243739565943 0.4096096096096096 0.049248747913188645 0.011411411411411412 
54 0.8606010016694491 0.43843843843843844 0.045909849749582635 0.013813813813813814 
55 0.9357262103505843 0.43963963963963965 0.04424040066777963 0.012612612612612612 
56 0.825542570951586 0.45465465465465466 0.05175292153589316 0.00960960960960961 
57 0.7462437395659433 0.4678678678678679 0.09849749582637729 0.01021021021021021 
58 0.7579298831385642 0.4816816816816817 0.11268781302170283 0.007207207207207207 
59 0.8614357262103506 0.4948948948948949 0.0651085141903172 0.007207207207207207 
60 0.8247078464106845 0.5141141141141141 0.19282136894824708 0.013213213213213212 
61 0.7404006677796328 0.5417417417417417 0.011686143572621035 0.006606606606606606 
61 0.8188647746243739 0.5435435435435435 0.007512520868113523 0.004804804804804805 
62 0.7303839732888147 0.5711711711711712 0.05843071786310518 0.01021021021021021 
63 0.7470784641068448 0.5861861861861862 0.09181969949916527 0.011411411411411412 
64 0.8080133555926544 0.6024024024024024 0.1001669449081803 0.012012012012012012 
65 0.7646076794657763 0.6174174174174174 0.12020033388981637 0.012612612612612612 
66 0.8580968280467446 0.6306306306306306 0.05759599332220367 0.006006006006006006 
67 0.7996661101836394 0.6498498498498498 0.14440734557595994 0.013213213213213212 
68 0.8263772954924875 0.6648648648648648 0.09265442404006678 0.00960960960960961 
69 0.7771285475792988 0.6792792792792792 0.02003338898163606 0.011411411411411412 
70 0.8005008347245409 0.6948948948948949 0.08096828046744574 0.00960960960960961 
71 0.9015025041736227 0.863063063063063 0.1636060100166945 0.005405405405405406 
6 0.6268781302170284 0.06666666666666667 0.0 0.0 
3 0.2370617696160267 0.11651651651651651 0.014190317195325543 0.008408408408408409 
72 0.16277128547579298 0.11771771771771772 0.007512520868113523 0.004804804804804805 
73 0.3739565943238731 0.2012012012012012 0.0 0.0 
74 0.3722871452420701 0.2132132132132132 0.0 0.0 
75 0.3797996661101836 0.24084084084084084 0.012520868113522538 0.008408408408408409 
76 0.3789649415692821 0.26126126126126126 0.010851419031719533 0.008408408408408409 
77 0.3739565943238731 0.2876876876876877 0.0 0.0 
78 0.3756260434056761 0.31471471471471474 0.0 0.0 
79 0.3739565943238731 0.3441441441441441 0.0 0.0 
80 0.3806343906510851 0.3747747747747748 0.01335559265442404 0.008408408408408409 
81 0.3739565943238731 0.4114114114114114 0.0 0.0 
82 0.3739565943238731 0.43963963963963965 0.0 0.0 
83 0.3823038397328882 0.4594594594594595 0.015859766277128547 0.01021021021021021 
84 0.3789649415692821 0.4798798798798799 0.01001669449081803 0.007807807807807808 
85 0.3814691151919866 0.5003003003003003 0.015025041736227046 0.00960960960960961 
86 0.3756260434056761 0.5159159159159159 0.0 0.0 
87 0.3722871452420701 0.5369369369369369 0.0 0.0 
88 0.3739565943238731 0.5657657657657658 0.0 0.0 
89 0.3789649415692821 0.5957957957957958 0.015025041736227046 0.00960960960960961 
90 0.3739565943238731 0.6246246246246246 0.0 0.0 
91 0.6076794657762938 0.6234234234234234 0.0 0.0 
92 0.6176961602671118 0.5957957957957958 0.01335559265442404 0.009009009009009009 
93 0.6118530884808013 0.5663663663663664 0.0 0.0 
94 0.6101836393989983 0.5381381381381382 0.0 0.0 
95 0.6193656093489148 0.5171171171171172 0.015859766277128547 0.01021021021021021 
96 0.6110183639398998 0.5009009009009009 0.0 0.0 
97 0.6110183639398998 0.47927927927927927 0.0 0.0 
98 0.6168614357262103 0.46066066066066064 0.011686143572621035 0.008408408408408409 
99 0.6151919866444073 0.44204204204204206 0.011686143572621035 0.00960960960960961 
100 0.6168614357262103 0.4138138138138138 0.014190317195325543 0.00960960960960961 
101 0.6118530884808013 0.3741741741741742 0.0 0.0 
102 0.6176961602671118 0.3471471471471472 0.01669449081803005 0.009009009009009009 
103 0.6110183639398998 0.3165165165165165 0.0 0.0 
104 0.6101836393989983 0.2876876876876877 0.0 0.0 
105 0.6126878130217028 0.26006006006006005 0.0 0.0 
106 0.6101836393989983 0.23843843843843843 0.0 0.0 
107 0.6168614357262103 0.21501501501501502 0.015025041736227046 0.00960960960960961 
108 0.6176961602671118 0.2012012012012012 0.012520868113522538 0.008408408408408409 
29 0.21285475792988315 0.5399399399399399 0.0 0.0 
