0 0.08931552587646077 0.06966966966966967 0.10851419031719532 0.013213213213213212 
1 0.21702838063439064 0.06906906906906907 0.06093489148580968 0.012612612612612612 
2 0.333889816360601 0.06786786786786787 0.08096828046744574 0.010810810810810811 
3 0.31552587646076796 0.11651651651651651 0.0 0.0 
4 0.07429048414023372 0.11711711711711711 0.0 0.0 
5 0.4682804674457429 0.07027027027027027 0.18030050083472454 0.007207207207207207 
6 0.7145242070116862 0.06906906906906907 0.014190317195325543 0.008408408408408409 
7 0.5500834724540902 0.0996996996996997 0.3722871452420701 0.014414414414414415 
8 0.14023372287145242 0.17417417417417416 0.08347245409015025 0.010810810810810811 
9 0.15442404006677796 0.1885885885885886 0.11686143572621036 0.012612612612612612 
10 0.16026711185308848 0.209009009009009 0.12353923205342238 0.013213213213213212 
11 0.15191986644407346 0.22402402402402402 0.0659432387312187 0.011411411411411412 
12 0.2838063439065108 0.22402402402402402 0.10851419031719532 0.012012012012012012 
13 0.2020033388981636 0.24204204204204205 0.15191986644407346 0.013213213213213212 
14 0.11435726210350584 0.3033033033033033 0.13939899833055092 0.007807807807807808 
15 0.07262103505843072 0.3261261261261261 0.05759599332220367 0.008408408408408409 
16 0.07679465776293823 0.34654654654654654 0.0659432387312187 0.008408408408408409 
17 0.2345575959933222 0.3237237237237237 0.04674457429048414 0.009009009009009009 
18 0.24624373956594323 0.34654654654654654 0.0651085141903172 0.008408408408408409 
19 0.19616026711185308 0.3801801801801802 0.19616026711185308 0.012612612612612612 
20 0.14273789649415694 0.39579579579579577 0.055926544240400666 0.012012012012012012 
21 0.18614357262103506 0.412012012012012 0.08096828046744574 0.012012012012012012 
22 0.2587646076794658 0.44084084084084085 0.04757929883138564 0.010810810810810811 
23 0.3330550918196995 0.439039039039039 0.045909849749582635 0.012612612612612612 
24 0.27295492487479134 0.45885885885885885 0.15776293823038398 0.004204204204204204 
25 0.13606010016694492 0.4678678678678679 0.08848080133555926 0.01021021021021021 
26 0.17278797996661102 0.4828828828828829 0.14858096828046743 0.013213213213213212 
27 0.27128547579298834 0.4960960960960961 0.08430717863105175 0.010810810810810811 
28 0.19365609348914858 0.5153153153153153 0.1285475792988314 0.014414414414414415 
29 0.13606010016694492 0.5423423423423424 0.01335559265442404 0.007807807807807808 
30 0.18363939899833054 0.5711711711711712 0.1636060100166945 0.01021021021021021 
31 0.14524207011686144 0.5867867867867868 0.08764607679465776 0.00960960960960961 
32 0.21869782971619364 0.6024024024024024 0.11185308848080133 0.013213213213213212 
33 0.19031719532554256 0.6168168168168168 0.17779632721202004 0.01021021021021021 
34 0.27128547579298834 0.6312312312312313 0.08180300500834725 0.010810810810810811 
35 0.18781302170283806 0.6486486486486487 0.12771285475792987 0.012012012012012012 
36 0.2328881469115192 0.6648648648648648 0.10684474123539232 0.01021021021021021 
37 0.17195325542570952 0.6792792792792792 0.01669449081803005 0.009009009009009009 
38 0.20784641068447413 0.6960960960960961 0.09348914858096828 0.013213213213213212 
39 0.10851419031719532 0.8678678678678678 0.14023372287145242 0.004804804804804805 
40 0.7721202003338898 0.17417417417417416 0.1352253756260434 0.01021021021021021 
41 0.7621035058430717 0.1897897897897898 0.12103505843071787 0.010810810810810811 
42 0.7637729549248747 0.2066066066066066 0.11936560934891485 0.013213213213213212 
43 0.7587646076794657 0.22402402402402402 0.07429048414023372 0.013213213213213212 
44 0.8823038397328882 0.22162162162162163 0.0993322203672788 0.013213213213213212 
45 0.8397328881469115 0.24504504504504504 0.2270450751252087 0.012012012012012012 
46 0.7153589315525877 0.3075075075075075 0.13856427378964942 0.00960960960960961 
47 0.6836393989983306 0.3267267267267267 0.07679465776293823 0.009009009009009009 
48 0.679465776293823 0.34774774774774775 0.0651085141903172 0.009009009009009009 
49 0.8497495826377296 0.3471471471471472 0.07429048414023372 0.01021021021021021 
50 0.8530884808013356 0.3261261261261261 0.08013355592654424 0.01021021021021021 
51 0.7345575959933222 0.3801801801801802 0.0642737896494157 0.01021021021021021 
52 0.7487479131886478 0.3945945945945946 0.05926544240400668 0.010810810810810811 
53 0.7779632721202003 0.4096096096096096 0.05509181969949917 0.012012012012012012 
54 0.8589315525876461 0.43783783783783786 0.041736227045075125 0.015015015015015015 
55 0.9382303839732888 0.43963963963963965 0.048414023372287146 0.012612612612612612 
56 0.830550918196995 0.4540540540540541 0.06260434056761269 0.01021021021021021 
57 0.7445742904841403 0.4678678678678679 0.09599332220367279 0.01021021021021021 
58 0.7829716193656093 0.48228228228228226 0.16277128547579298 0.01021021021021021 
59 0.8689482470784641 0.4948948948948949 0.08096828046744574 0.010810810810810811 
60 0.840567612687813 0.5141141141141141 0.22370617696160267 0.013213213213213212 
61 0.7345575959933222 0.5411411411411411 0.0 0.0 
61 0.8155258764607679 0.5417417417417417 0.0 0.0 
62 0.7529215358931552 0.5711711711711712 0.10350584307178631 0.01021021021021021 
63 0.7262103505843072 0.5855855855855856 0.05008347245409015 0.010810810810810811 
64 0.8005008347245409 0.6024024024024024 0.08514190317195326 0.012012012012012012 
65 0.7729549248747913 0.618018018018018 0.13689482470784642 0.012012012012012012 
66 0.8672787979966611 0.6318318318318318 0.07512520868113523 0.00960960960960961 
67 0.8105175292153589 0.6492492492492492 0.166110183639399 0.013813813813813814 
68 0.827212020033389 0.6642642642642642 0.09348914858096828 0.01021021021021021 
69 0.7754590984974958 0.6786786786786787 0.017529215358931552 0.009009009009009009 
70 0.7979966611018364 0.6942942942942943 0.07595993322203673 0.010810810810810811 
71 0.8914858096828047 0.8642642642642643 0.14357262103505844 0.006606606606606606 
6 0.6310517529215359 0.06906906906906907 0.009181969949916527 0.006006006006006006 
3 0.2303839732888147 0.11651651651651651 0.0 0.0 
72 0.15943238731218698 0.11591591591591592 0.0 0.0 
73 0.3831385642737897 0.2012012012012012 0.018363939899833055 0.010810810810810811 
74 0.3772954924874791 0.21441441441441442 0.010851419031719533 0.006606606606606606 
75 0.3814691151919866 0.23963963963963963 0.015025041736227046 0.00960960960960961 
76 0.3739565943238731 0.26126126126126126 0.0 0.0 
77 0.3806343906510851 0.28888888888888886 0.01335559265442404 0.008408408408408409 
78 0.3756260434056761 0.3165165165165165 0.0 0.0 
79 0.3814691151919866 0.34474474474474476 0.015025041736227046 0.00960960960960961 
80 0.3797996661101836 0.3747747747747748 0.011686143572621035 0.007807807807807808 
81 0.3806343906510851 0.412012012012012 0.014190317195325543 0.00960960960960961 
82 0.3739565943238731 0.44144144144144143 0.0 0.0 
83 0.3747913188647746 0.46066066066066064 0.0 0.0 
84 0.3814691151919866 0.47927927927927927 0.015025041736227046 0.00960960960960961 
85 0.3739565943238731 0.5009009009009009 0.0 0.0 
86 0.3814691151919866 0.5165165165165165 0.012520868113522538 0.007807807807807808 
87 0.3797996661101836 0.5363363363363364 0.015025041736227046 0.00960960960960961 
88 0.3814691151919866 0.5651651651651651 0.015025041736227046 0.00960960960960961 
89 0.3781302170283806 0.5951951951951951 0.01335559265442404 0.008408408408408409 
90 0.3739565943238731 0.6264264264264264 0.0 0.0 
91 0.6076794657762938 0.6252252252252253 0.0 0.0 
92 0.6185308848080133 0.593993993993994 0.015859766277128547 0.00960960960960961 
93 0.6210350584307178 0.5657657657657658 0.019198664440734557 0.011411411411411412 
94 0.6202003338898163 0.5375375375375375 0.020868113522537562 0.011411411411411412 
95 0.6185308848080133 0.5177177177177177 0.01335559265442404 0.008408408408408409 
96 0.6110183639398998 0.5027027027027027 0.0 0.0 
97 0.6185308848080133 0.4786786786786787 0.015025041736227046 0.01021021021021021 
98 0.6110183639398998 0.46066066066066064 0.0 0.0 
99 0.6093489148580968 0.44264264264264264 0.0 0.0 
100 0.6101836393989983 0.4144144144144144 0.0 0.0 
101 0.6118530884808013 0.375975975975976 0.0 0.0 
102 0.6093489148580968 0.34774774774774775 0.0 0.0 
103 0.6110183639398998 0.3183183183183183 0.0 0.0 
104 0.6101836393989983 0.2894894894894895 0.0 0.0 
105 0.6193656093489148 0.26006006006006005 0.01335559265442404 0.008408408408408409 
106 0.6101836393989983 0.24024024024024024 0.0 0.0 
107 0.6093489148580968 0.21561561561561562 0.0 0.0 
108 0.6176961602671118 0.2006006006006006 0.011686143572621035 0.006606606606606606 
29 0.21285475792988315 0.5417417417417417 0.0 0.0 
