0 0.08347245409015025 0.07027027027027027 0.09682804674457429 0.011411411411411412 
1 0.22203672787979967 0.06966966966966967 0.07011686143572621 0.012612612612612612 
2 0.3347245409015025 0.06906906906906907 0.08263772954924875 0.01021021021021021 
3 0.31552587646076796 0.11471471471471471 0.0 0.0 
4 0.07762938230383973 0.11651651651651651 0.007512520868113523 0.00960960960960961 
5 0.44490818030050083 0.06786786786786787 0.1335559265442404 0.012012012012012012 
6 0.7078464106844741 0.06846846846846846 0.0 0.0 
7 0.48414023372287146 0.0996996996996997 0.24123539232053423 0.014414414414414415 
8 0.15943238731218698 0.17537537537537537 0.12186978297161936 0.010810810810810811 
9 0.11769616026711185 0.19039039039039038 0.04340567612687813 0.014414414414414415 
10 0.15025041736227046 0.20960960960960962 0.10434056761268781 0.012012012012012012 
11 0.15191986644407346 0.22402402402402402 0.0659432387312187 0.012012012012012012 
12 0.2604340567612688 0.22522522522522523 0.06176961602671119 0.01021021021021021 
13 0.21452420701168615 0.24144144144144145 0.17696160267111852 0.012612612612612612 
14 0.09515859766277128 0.3039039039039039 0.1001669449081803 0.006606606606606606 
15 0.0659432387312187 0.3261261261261261 0.04340567612687813 0.007807807807807808 
16 0.06343906510851419 0.34654654654654654 0.03923205342237062 0.007807807807807808 
17 0.2345575959933222 0.3237237237237237 0.04674457429048414 0.009009009009009009 
18 0.2337228714524207 0.34654654654654654 0.040901502504173626 0.009009009009009009 
19 0.16110183639398998 0.3813813813813814 0.12604340567612687 0.013813813813813814 
20 0.14774624373956594 0.39579579579579577 0.0651085141903172 0.013213213213213212 
21 0.17278797996661102 0.412012012012012 0.05425709515859766 0.011411411411411412 
22 0.2595993322203673 0.44084084084084085 0.049248747913188645 0.010810810810810811 
23 0.330550918196995 0.439039039039039 0.040901502504173626 0.012612612612612612 
24 0.22537562604340566 0.45585585585585586 0.06260434056761269 0.01021021021021021 
25 0.11853088480801335 0.4678678678678679 0.05342237061769616 0.009009009009009009 
26 0.15859766277128548 0.48228228228228226 0.12103505843071787 0.011411411411411412 
27 0.2646076794657763 0.4966966966966967 0.0709515859766277 0.012612612612612612 
28 0.19699499165275458 0.5159159159159159 0.13606010016694492 0.012612612612612612 
29 0.1293823038397329 0.5411411411411411 0.0 0.0 
30 0.15776293823038398 0.5723723723723724 0.11185308848080133 0.00960960960960961 
31 0.1419031719532554 0.5867867867867868 0.08096828046744574 0.012612612612612612 
32 0.21702838063439064 0.6024024024024024 0.10851419031719532 0.013213213213213212 
33 0.1419031719532554 0.6174174174174174 0.08096828046744574 0.01021021021021021 
34 0.25208681135225375 0.6318318318318318 0.04340567612687813 0.012612612612612612 
35 0.18697829716193656 0.6492492492492492 0.12604340567612687 0.01021021021021021 
36 0.2353923205342237 0.6648648648648648 0.11185308848080133 0.010810810810810811 
37 0.17445742904841402 0.6804804804804805 0.022537562604340568 0.011411411411411412 
38 0.21368948247078465 0.6960960960960961 0.10601001669449082 0.013213213213213212 
39 0.07762938230383973 0.8654654654654654 0.07929883138564274 0.00960960960960961 
40 0.7245409015025042 0.17477477477477477 0.040901502504173626 0.011411411411411412 
41 0.7278797996661102 0.19099099099099098 0.05175292153589316 0.012012012012012012 
42 0.7637729549248747 0.2072072072072072 0.11853088480801335 0.012012012012012012 
43 0.7704507512520868 0.22462462462462462 0.09682804674457429 0.012012012012012012 
44 0.8606010016694491 0.2222222222222222 0.055926544240400666 0.012612612612612612 
45 0.8105175292153589 0.24264264264264265 0.169449081803005 0.016816816816816817 
46 0.6944908180300501 0.3063063063063063 0.09682804674457429 0.010810810810810811 
47 0.669449081803005 0.32732732732732733 0.049248747913188645 0.010810810810810811 
48 0.6669449081803005 0.3483483483483483 0.04006677796327212 0.007207207207207207 
49 0.8313856427378965 0.34774774774774775 0.037562604340567615 0.011411411411411412 
50 0.8380634390651085 0.3267267267267267 0.05091819699499165 0.007807807807807808 
51 0.7779632721202003 0.3813813813813814 0.15108514190317196 0.00960960960960961 
52 0.7487479131886478 0.39579579579579577 0.05843071786310518 0.008408408408408409 
53 0.7829716193656093 0.4102102102102102 0.0659432387312187 0.010810810810810811 
54 0.8647746243739566 0.43963963963963965 0.05342237061769616 0.012012012012012012 
55 0.9365609348914858 0.44084084084084085 0.045909849749582635 0.010810810810810811 
56 0.8363939899833055 0.45465465465465466 0.07345575959933222 0.009009009009009009 
57 0.7120200333889817 0.46846846846846846 0.030884808013355594 0.009009009009009009 
58 0.7520868113522537 0.48228228228228226 0.1010016694490818 0.01021021021021021 
59 0.8505843071786311 0.4948948948948949 0.04340567612687813 0.009009009009009009 
60 0.7996661101836394 0.5147147147147147 0.1419031719532554 0.011411411411411412 
61 0.7345575959933222 0.5393393393393393 0.0 0.0 
61 0.8155258764607679 0.5399399399399399 0.0 0.0 
62 0.7278797996661102 0.5711711711711712 0.05425709515859766 0.01021021021021021 
63 0.7362270450751253 0.5861861861861862 0.0709515859766277 0.012012012012012012 
64 0.8046744574290484 0.6024024024024024 0.09348914858096828 0.011411411411411412 
65 0.7879799666110183 0.618018018018018 0.167779632721202 0.012012012012012012 
66 0.8464106844741235 0.633033033033033 0.034223706176961605 0.00960960960960961 
67 0.8013355592654424 0.6504504504504505 0.14774624373956594 0.011411411411411412 
68 0.833889816360601 0.6642642642642642 0.10684474123539232 0.01021021021021021 
69 0.7779632721202003 0.6798798798798799 0.021702838063439065 0.01021021021021021 
70 0.8121869782971619 0.6942942942942943 0.10350584307178631 0.01021021021021021 
71 0.8631051752921536 0.8636636636636636 0.08764607679465776 0.009009009009009009 
6 0.6268781302170284 0.06666666666666667 0.0 0.0 
3 0.2303839732888147 0.11471471471471471 0.0 0.0 
72 0.15943238731218698 0.11411411411411411 0.0 0.0 
73 0.3739565943238731 0.2012012012012012 0.0 0.0 
74 0.3756260434056761 0.21501501501501502 0.00667779632721202 0.007807807807807808 
75 0.3772954924874791 0.24024024024024024 0.007512520868113523 0.00960960960960961 
76 0.3739565943238731 0.2594594594594595 0.0 0.0 
77 0.3772954924874791 0.28888888888888886 0.007512520868113523 0.00960960960960961 
78 0.3797996661101836 0.3165165165165165 0.009181969949916527 0.006606606606606606 
79 0.3739565943238731 0.3441441441441441 0.0 0.0 
80 0.3739565943238731 0.372972972972973 0.0 0.0 
81 0.3739565943238731 0.4114114114114114 0.0 0.0 
82 0.3772954924874791 0.44204204204204206 0.00667779632721202 0.007207207207207207 
83 0.3781302170283806 0.46006006006006006 0.007512520868113523 0.009009009009009009 
84 0.3772954924874791 0.47927927927927927 0.007512520868113523 0.009009009009009009 
85 0.3739565943238731 0.4990990990990991 0.0 0.0 
86 0.3756260434056761 0.5159159159159159 0.0 0.0 
87 0.3722871452420701 0.5369369369369369 0.0 0.0 
88 0.3739565943238731 0.5657657657657658 0.0 0.0 
89 0.37145242070116863 0.5945945945945946 0.0 0.0 
90 0.3797996661101836 0.624024024024024 0.011686143572621035 0.012612612612612612 
91 0.6160267111853088 0.6228228228228229 0.01669449081803005 0.012612612612612612 
92 0.6110183639398998 0.5945945945945946 0.0 0.0 
93 0.6160267111853088 0.5663663663663664 0.008347245409015025 0.011411411411411412 
94 0.6135225375626043 0.5369369369369369 0.007512520868113523 0.012612612612612612 
95 0.6118530884808013 0.5165165165165165 0.0 0.0 
96 0.6110183639398998 0.5009009009009009 0.0 0.0 
97 0.6151919866444073 0.47927927927927927 0.008347245409015025 0.011411411411411412 
98 0.6110183639398998 0.45885885885885885 0.0 0.0 
99 0.6143572621035058 0.44264264264264264 0.01001669449081803 0.008408408408408409 
100 0.6151919866444073 0.4144144144144144 0.01001669449081803 0.008408408408408409 
101 0.6151919866444073 0.37537537537537535 0.007512520868113523 0.00960960960960961 
102 0.6135225375626043 0.34594594594594597 0.008347245409015025 0.011411411411411412 
103 0.6151919866444073 0.3165165165165165 0.008347245409015025 0.011411411411411412 
104 0.6135225375626043 0.28888888888888886 0.007512520868113523 0.00960960960960961 
105 0.6126878130217028 0.26006006006006005 0.0 0.0 
106 0.6151919866444073 0.23963963963963963 0.01001669449081803 0.007807807807807808 
107 0.6143572621035058 0.21501501501501502 0.01001669449081803 0.007807807807807808 
108 0.6160267111853088 0.2012012012012012 0.009181969949916527 0.006606606606606606 
29 0.21452420701168615 0.542942942942943 0.004173622704507512 0.005405405405405406 
