0 0.10434056761268781 0.06966966966966967 0.13939899833055092 0.012612612612612612 
1 0.22203672787979967 0.06966966966966967 0.07011686143572621 0.013213213213213212 
2 0.337228714524207 0.07027027027027027 0.08764607679465776 0.007807807807807808 
3 0.31552587646076796 0.11651651651651651 0.0 0.0 
4 0.08096828046744574 0.11651651651651651 0.01335559265442404 0.00960960960960961 
5 0.4332220367278798 0.06846846846846846 0.11101836393989983 0.010810810810810811 
6 0.7078464106844741 0.07027027027027027 0.0 0.0 
7 0.5434056761268782 0.0990990990990991 0.3597662771285476 0.015615615615615615 
8 0.14524207011686144 0.17597597597597597 0.09348914858096828 0.00960960960960961 
9 0.1343906510851419 0.19039039039039038 0.07762938230383973 0.014414414414414415 
10 0.18864774624373956 0.209009009009009 0.18113522537562604 0.013213213213213212 
11 0.15358931552587646 0.22462462462462462 0.06928213689482471 0.010810810810810811 
12 0.27295492487479134 0.22522522522522523 0.08764607679465776 0.01021021021021021 
13 0.21118530884808012 0.24264264264264265 0.17111853088480802 0.013213213213213212 
14 0.10934891485809682 0.3033033033033033 0.1293823038397329 0.007807807807807808 
15 0.07512520868113523 0.3267267267267267 0.06176961602671119 0.006606606606606606 
16 0.08764607679465776 0.3471471471471472 0.08764607679465776 0.00960960960960961 
17 0.25292153589315525 0.3249249249249249 0.08347245409015025 0.008408408408408409 
18 0.2570951585976628 0.34654654654654654 0.08764607679465776 0.01021021021021021 
19 0.13856427378964942 0.38198198198198197 0.08096828046744574 0.012612612612612612 
20 0.14774624373956594 0.3963963963963964 0.0659432387312187 0.012012012012012012 
21 0.18697829716193656 0.412012012012012 0.08263772954924875 0.012012012012012012 
22 0.2595993322203673 0.4402402402402402 0.048414023372287146 0.011411411411411412 
23 0.335559265442404 0.4402402402402402 0.05091819699499165 0.01021021021021021 
24 0.2662771285475793 0.45585585585585586 0.14357262103505844 0.01021021021021021 
25 0.17612687813021702 0.46846846846846846 0.1686143572621035 0.010810810810810811 
26 0.18280467445742904 0.48348348348348347 0.1686143572621035 0.011411411411411412 
27 0.27462437395659434 0.4972972972972973 0.09098497495826377 0.012012012012012012 
28 0.21368948247078465 0.5153153153153153 0.1686143572621035 0.014414414414414415 
29 0.1293823038397329 0.542942942942943 0.0 0.0 
30 0.1911519198664441 0.5717717717717717 0.17946577629382304 0.010810810810810811 
31 0.15108514190317196 0.5873873873873874 0.09849749582637729 0.011411411411411412 
32 0.21953255425709517 0.603003003003003 0.11435726210350584 0.011411411411411412 
33 0.19031719532554256 0.6174174174174174 0.17779632721202004 0.01021021021021021 
34 0.27378964941569284 0.633033033033033 0.08681135225375626 0.01021021021021021 
35 0.2587646076794658 0.6504504504504505 0.2687813021702838 0.008408408408408409 
36 0.2370617696160267 0.6648648648648648 0.11519198664440734 0.01021021021021021 
37 0.17696160267111852 0.6804804804804805 0.02671118530884808 0.011411411411411412 
38 0.22120200333889817 0.6972972972972973 0.12103505843071787 0.010810810810810811 
39 0.11686143572621036 0.8666666666666667 0.15776293823038398 0.006606606606606606 
40 0.7378964941569283 0.17477477477477477 0.0676126878130217 0.011411411411411412 
41 0.7328881469115192 0.19099099099099098 0.06176961602671119 0.011411411411411412 
42 0.7762938230383973 0.2066066066066066 0.14440734557595994 0.012612612612612612 
43 0.7579298831385642 0.22402402402402402 0.07178631051752922 0.012612612612612612 
44 0.8939899833055092 0.22402402402402402 0.12186978297161936 0.013213213213213212 
45 0.8606010016694491 0.24564564564564564 0.2687813021702838 0.01021021021021021 
46 0.7312186978297162 0.3069069069069069 0.17111853088480802 0.01021021021021021 
47 0.6903171953255426 0.3279279279279279 0.09015025041736227 0.00960960960960961 
48 0.6894824707846411 0.34774774774774775 0.08514190317195326 0.01021021021021021 
49 0.8555926544240401 0.34894894894894896 0.08597662771285476 0.00960960960960961 
50 0.8480801335559266 0.3261261261261261 0.07011686143572621 0.01021021021021021 
51 0.7270450751252087 0.3813813813813814 0.049248747913188645 0.00960960960960961 
52 0.7479131886477463 0.3945945945945946 0.05676126878130217 0.01021021021021021 
53 0.7846410684474123 0.409009009009009 0.06844741235392321 0.012612612612612612 
54 0.8589315525876461 0.43963963963963965 0.041736227045075125 0.011411411411411412 
55 0.9357262103505843 0.44144144144144143 0.04424040066777963 0.00960960960960961 
56 0.833889816360601 0.45465465465465466 0.06844741235392321 0.009009009009009009 
57 0.7295492487479132 0.4678678678678679 0.0659432387312187 0.01021021021021021 
58 0.7796327212020033 0.48228228228228226 0.15609348914858096 0.01021021021021021 
59 0.8722871452420701 0.4966966966966967 0.08681135225375626 0.01021021021021021 
60 0.8021702838063439 0.5141141141141141 0.14691151919866444 0.013213213213213212 
61 0.7345575959933222 0.5411411411411411 0.0 0.0 
61 0.8155258764607679 0.5417417417417417 0.0 0.0 
62 0.7637729549248747 0.5711711711711712 0.12520868113522537 0.01021021021021021 
63 0.7378964941569283 0.5867867867867868 0.07345575959933222 0.01021021021021021 
64 0.8280467445742905 0.6018018018018018 0.14106844741235391 0.012612612612612612 
65 0.7921535893155259 0.618018018018018 0.17612687813021702 0.012012012012012012 
66 0.8722871452420701 0.6324324324324324 0.08514190317195326 0.01021021021021021 
67 0.8580968280467446 0.6516516516516516 0.2612687813021703 0.00960960960960961 
68 0.8414023372287145 0.6642642642642642 0.12270450751252086 0.010810810810810811 
69 0.7754590984974958 0.6810810810810811 0.01669449081803005 0.008408408408408409 
70 0.8180300500834724 0.6948948948948949 0.11602671118530884 0.00960960960960961 
71 0.9081803005008348 0.8642642642642643 0.17779632721202004 0.008408408408408409 
6 0.6268781302170284 0.06846846846846846 0.0 0.0 
3 0.2303839732888147 0.11651651651651651 0.0 0.0 
72 0.15943238731218698 0.11591591591591592 0.0 0.0 
73 0.3739565943238731 0.203003003003003 0.0 0.0 
74 0.3722871452420701 0.21501501501501502 0.0 0.0 
75 0.3739565943238731 0.24084084084084084 0.0 0.0 
76 0.3739565943238731 0.26126126126126126 0.0 0.0 
77 0.3739565943238731 0.2894894894894895 0.0 0.0 
78 0.3756260434056761 0.3165165165165165 0.0 0.0 
79 0.3739565943238731 0.34594594594594597 0.0 0.0 
80 0.3739565943238731 0.3747747747747748 0.0 0.0 
81 0.3739565943238731 0.4132132132132132 0.0 0.0 
82 0.3806343906510851 0.44204204204204206 0.01335559265442404 0.007207207207207207 
83 0.3747913188647746 0.46066066066066064 0.0 0.0 
84 0.3739565943238731 0.4798798798798799 0.0 0.0 
85 0.3823038397328882 0.4990990990990991 0.01669449081803005 0.012012012012012012 
86 0.3756260434056761 0.5177177177177177 0.0 0.0 
87 0.3814691151919866 0.5369369369369369 0.019198664440734557 0.011411411411411412 
88 0.3739565943238731 0.5675675675675675 0.0 0.0 
89 0.3789649415692821 0.5957957957957958 0.015859766277128547 0.009009009009009009 
90 0.3739565943238731 0.6264264264264264 0.0 0.0 
91 0.6076794657762938 0.6252252252252253 0.0 0.0 
92 0.6110183639398998 0.5963963963963964 0.0 0.0 
93 0.6118530884808013 0.5681681681681682 0.0 0.0 
94 0.6101836393989983 0.5399399399399399 0.0 0.0 
95 0.6118530884808013 0.5183183183183183 0.0 0.0 
96 0.6210350584307178 0.5003003003003003 0.02003338898163606 0.012612612612612612 
97 0.6193656093489148 0.4798798798798799 0.017529215358931552 0.01021021021021021 
98 0.6185308848080133 0.4594594594594595 0.015025041736227046 0.01021021021021021 
99 0.6176961602671118 0.44144144144144143 0.017529215358931552 0.01021021021021021 
100 0.6101836393989983 0.4144144144144144 0.0 0.0 
101 0.6193656093489148 0.37537537537537535 0.015859766277128547 0.009009009009009009 
102 0.6093489148580968 0.34774774774774775 0.0 0.0 
103 0.6110183639398998 0.3183183183183183 0.0 0.0 
104 0.6185308848080133 0.2882882882882883 0.017529215358931552 0.01021021021021021 
105 0.6202003338898163 0.2606606606606607 0.015859766277128547 0.01021021021021021 
106 0.6160267111853088 0.24024024024024024 0.012520868113522538 0.008408408408408409 
107 0.6160267111853088 0.21501501501501502 0.01335559265442404 0.00960960960960961 
108 0.6168614357262103 0.2012012012012012 0.010851419031719533 0.007807807807807808 
29 0.21786310517529214 0.542942942942943 0.01001669449081803 0.006006006006006006 
