0 0.08263772954924875 0.07027027027027027 0.09515859766277128 0.012012012012012012 
1 0.21202003338898165 0.06906906906906907 0.05008347245409015 0.014414414414414415 
2 0.31803005008347246 0.06786786786786787 0.049248747913188645 0.00960960960960961 
3 0.32136894824707846 0.11711711711711711 0.011686143572621035 0.007207207207207207 
4 0.07929883138564274 0.11651651651651651 0.01001669449081803 0.00960960960960961 
5 0.4257095158597663 0.06726726726726727 0.09515859766277128 0.013213213213213212 
6 0.7078464106844741 0.06846846846846846 0.0 0.0 
7 0.44240400667779634 0.1003003003003003 0.15776293823038398 0.012612612612612612 
8 0.12437395659432388 0.17477477477477477 0.052587646076794656 0.011411411411411412 
9 0.11101836393989983 0.19039039039039038 0.030884808013355594 0.013213213213213212 
10 0.15776293823038398 0.2084084084084084 0.11853088480801335 0.013813813813813814 
11 0.15108514190317196 0.22402402402402402 0.06343906510851419 0.011411411411411412 
12 0.25375626043405675 0.22342342342342342 0.049248747913188645 0.009009009009009009 
13 0.19782971619365608 0.24204204204204205 0.14440734557595994 0.012012012012012012 
14 0.07595993322203673 0.3033033033033033 0.06260434056761269 0.006606606606606606 
15 0.06093489148580968 0.3261261261261261 0.034223706176961605 0.008408408408408409 
16 0.06260434056761269 0.34654654654654654 0.03672787979966611 0.006006006006006006 
17 0.24457429048414023 0.32432432432432434 0.0667779632721202 0.00960960960960961 
18 0.23205342237061768 0.34654654654654654 0.03672787979966611 0.006006006006006006 
19 0.12437395659432388 0.3825825825825826 0.05175292153589316 0.012012012012012012 
20 0.14023372287145242 0.3963963963963964 0.05091819699499165 0.012012012012012012 
21 0.17529215358931552 0.412012012012012 0.05926544240400668 0.012012012012012012 
22 0.2595993322203673 0.44084084084084085 0.048414023372287146 0.010810810810810811 
23 0.3347245409015025 0.43963963963963965 0.049248747913188645 0.011411411411411412 
24 0.21368948247078465 0.45585585585585586 0.038397328881469114 0.01021021021021021 
25 0.11519198664440734 0.4678678678678679 0.04757929883138564 0.007207207207207207 
26 0.15525876460767946 0.4828828828828829 0.11352253756260434 0.012612612612612612 
27 0.25542570951585974 0.4972972972972973 0.052587646076794656 0.00960960960960961 
28 0.19782971619365608 0.5159159159159159 0.13689482470784642 0.013213213213213212 
29 0.1343906510851419 0.542942942942943 0.01001669449081803 0.008408408408408409 
30 0.12604340567612687 0.5711711711711712 0.048414023372287146 0.007807807807807808 
31 0.1343906510851419 0.587987987987988 0.0651085141903172 0.01021021021021021 
32 0.2020033388981636 0.603003003003003 0.07929883138564274 0.011411411411411412 
33 0.13939899833055092 0.6174174174174174 0.07512520868113523 0.01021021021021021 
34 0.25626043405676124 0.6312312312312313 0.05175292153589316 0.01021021021021021 
35 0.19031719532554256 0.6486486486486487 0.1318864774624374 0.012012012012012012 
36 0.21285475792988315 0.6642642642642642 0.0676126878130217 0.008408408408408409 
37 0.17195325542570952 0.6810810810810811 0.017529215358931552 0.010810810810810811 
38 0.2036727879799666 0.6966966966966966 0.08514190317195326 0.012012012012012012 
39 0.11101836393989983 0.8654654654654654 0.14524207011686144 0.00960960960960961 
40 0.7437395659432388 0.17537537537537537 0.07929883138564274 0.010810810810810811 
41 0.7228714524207012 0.19099099099099098 0.04257095158597663 0.012012012012012012 
42 0.7612687813021702 0.2066066066066066 0.11352253756260434 0.012612612612612612 
43 0.7562604340567612 0.22402402402402402 0.06844741235392321 0.013213213213213212 
44 0.8597662771285476 0.2222222222222222 0.05342237061769616 0.01021021021021021 
45 0.8088480801335559 0.24264264264264265 0.166110183639399 0.016216216216216217 
46 0.6869782971619366 0.3057057057057057 0.08263772954924875 0.012612612612612612 
47 0.67779632721202 0.32732732732732733 0.0659432387312187 0.01021021021021021 
48 0.6602671118530885 0.3483483483483483 0.02671118530884808 0.008408408408408409 
49 0.8347245409015025 0.3483483483483483 0.04424040066777963 0.008408408408408409 
50 0.8363939899833055 0.3261261261261261 0.04674457429048414 0.007207207207207207 
51 0.7345575959933222 0.38078078078078076 0.06343906510851419 0.01021021021021021 
52 0.7404006677796328 0.3951951951951952 0.041736227045075125 0.00960960960960961 
53 0.7863105175292153 0.4096096096096096 0.07178631051752922 0.011411411411411412 
54 0.8589315525876461 0.4402402402402402 0.041736227045075125 0.010810810810810811 
55 0.9365609348914858 0.4402402402402402 0.045075125208681135 0.012012012012012012 
56 0.8881469115191987 0.45465465465465466 0.17696160267111852 0.009009009009009009 
57 0.7170283806343907 0.4690690690690691 0.04006677796327212 0.008408408408408409 
58 0.7554257095158597 0.48228228228228226 0.10684474123539232 0.01021021021021021 
59 0.8656093489148581 0.4960960960960961 0.07345575959933222 0.012012012012012012 
60 0.7963272120200334 0.5135135135135135 0.13606010016694492 0.013813813813813814 
61 0.7345575959933222 0.5393393393393393 0.0 0.0 
61 0.8196994991652755 0.542942942942943 0.009181969949916527 0.006006006006006006 
62 0.7312186978297162 0.5711711711711712 0.06010016694490818 0.010810810810810811 
63 0.7412353923205343 0.5861861861861862 0.08013355592654424 0.012012012012012012 
64 0.8088480801335559 0.6024024024024024 0.10267111853088481 0.012012012012012012 
65 0.7871452420701168 0.6174174174174174 0.1652754590984975 0.013213213213213212 
66 0.8505843071786311 0.6312312312312313 0.04257095158597663 0.007807807807807808 
67 0.7863105175292153 0.6504504504504505 0.11686143572621036 0.012012012012012012 
68 0.82220367278798 0.6648648648648648 0.08430717863105175 0.00960960960960961 
69 0.7754590984974958 0.6792792792792792 0.017529215358931552 0.011411411411411412 
70 0.8063439065108514 0.6948948948948949 0.09181969949916527 0.00960960960960961 
71 0.8547579298831386 0.8636636636636636 0.07011686143572621 0.009009009009009009 
6 0.6310517529215359 0.06966966966966967 0.008347245409015025 0.006006006006006006 
3 0.2303839732888147 0.11471471471471471 0.0 0.0 
72 0.16277128547579298 0.11771771771771772 0.00667779632721202 0.004804804804804805 
73 0.3739565943238731 0.2012012012012012 0.0 0.0 
74 0.3764607679465776 0.21561561561561562 0.008347245409015025 0.007207207207207207 
75 0.3797996661101836 0.24084084084084084 0.012520868113522538 0.008408408408408409 
76 0.3739565943238731 0.2594594594594595 0.0 0.0 
77 0.3789649415692821 0.28888888888888886 0.010851419031719533 0.00960960960960961 
78 0.3814691151919866 0.3165165165165165 0.011686143572621035 0.008408408408408409 
79 0.3739565943238731 0.3441441441441441 0.0 0.0 
80 0.3739565943238731 0.372972972972973 0.0 0.0 
81 0.3797996661101836 0.4132132132132132 0.011686143572621035 0.008408408408408409 
82 0.3789649415692821 0.44204204204204206 0.01001669449081803 0.007207207207207207 
83 0.3806343906510851 0.46066066066066064 0.011686143572621035 0.008408408408408409 
84 0.3739565943238731 0.47807807807807806 0.0 0.0 
85 0.3814691151919866 0.4996996996996997 0.015025041736227046 0.010810810810810811 
86 0.3756260434056761 0.5159159159159159 0.0 0.0 
87 0.3722871452420701 0.5369369369369369 0.0 0.0 
88 0.3739565943238731 0.5657657657657658 0.0 0.0 
89 0.37145242070116863 0.5945945945945946 0.0 0.0 
90 0.3814691151919866 0.6246246246246246 0.015859766277128547 0.012012012012012012 
91 0.6202003338898163 0.6228228228228229 0.02587646076794658 0.013213213213213212 
92 0.6168614357262103 0.5945945945945946 0.012520868113522538 0.012012012012012012 
93 0.6185308848080133 0.5657657657657658 0.01335559265442404 0.012612612612612612 
94 0.6101836393989983 0.5381381381381382 0.0 0.0 
95 0.6118530884808013 0.5165165165165165 0.0 0.0 
96 0.6185308848080133 0.5009009009009009 0.015025041736227046 0.012012012012012012 
97 0.6160267111853088 0.4798798798798799 0.010851419031719533 0.010810810810810811 
98 0.6168614357262103 0.4594594594594595 0.012520868113522538 0.01021021021021021 
99 0.6143572621035058 0.44204204204204206 0.01001669449081803 0.00960960960960961 
100 0.6160267111853088 0.4144144144144144 0.012520868113522538 0.008408408408408409 
101 0.6176961602671118 0.375975975975976 0.011686143572621035 0.008408408408408409 
102 0.6151919866444073 0.34654654654654654 0.012520868113522538 0.01021021021021021 
103 0.6176961602671118 0.3171171171171171 0.014190317195325543 0.01021021021021021 
104 0.6101836393989983 0.2876876876876877 0.0 0.0 
105 0.6126878130217028 0.26006006006006005 0.0 0.0 
106 0.6101836393989983 0.23843843843843843 0.0 0.0 
107 0.6093489148580968 0.2138138138138138 0.0 0.0 
108 0.6118530884808013 0.1993993993993994 0.0 0.0 
29 0.21619365609348914 0.542942942942943 0.00667779632721202 0.006006006006006006 
