0 0.08514190317195326 0.06966966966966967 0.1001669449081803 0.012612612612612612 
1 0.21786310517529214 0.06966966966966967 0.06260434056761269 0.013213213213213212 
2 0.327212020033389 0.06726726726726727 0.0676126878130217 0.007807807807807808 
3 0.31552587646076796 0.11471471471471471 0.0 0.0 
4 0.07929883138564274 0.11771771771771772 0.01001669449081803 0.007207207207207207 
5 0.41569282136894825 0.06666666666666667 0.07595993322203673 0.011411411411411412 
6 0.7078464106844741 0.06846846846846846 0.0 0.0 
7 0.4524207011686144 0.0990990990990991 0.17779632721202004 0.015015015015015015 
8 0.12771285475792987 0.17537537537537537 0.05843071786310518 0.010810810810810811 
9 0.1327212020033389 0.19099099099099098 0.07345575959933222 0.013213213213213212 
10 0.18447412353923207 0.209009009009009 0.17195325542570952 0.012612612612612612 
11 0.1419031719532554 0.22402402402402402 0.045075125208681135 0.011411411411411412 
12 0.2654424040066778 0.22462462462462462 0.07262103505843072 0.012012012012012012 
13 0.19282136894824708 0.24204204204204205 0.1335559265442404 0.013813813813813814 
14 0.07512520868113523 0.3039039039039039 0.06010016694490818 0.007207207207207207 
15 0.06343906510851419 0.3261261261261261 0.03923205342237062 0.008408408408408409 
16 0.07512520868113523 0.34654654654654654 0.06176961602671119 0.01021021021021021 
17 0.2262103505843072 0.3237237237237237 0.03005008347245409 0.006006006006006006 
18 0.2395659432387312 0.34534534534534533 0.05175292153589316 0.006006006006006006 
19 0.18614357262103506 0.3813813813813814 0.17529215358931552 0.013813813813813814 
20 0.14023372287145242 0.3963963963963964 0.05008347245409015 0.012012012012012012 
21 0.18113522537562604 0.412012012012012 0.07011686143572621 0.011411411411411412 
22 0.2570951585976628 0.4402402402402402 0.04424040066777963 0.012012012012012012 
23 0.3313856427378965 0.43963963963963965 0.041736227045075125 0.012012012012012012 
24 0.25542570951585974 0.45525525525525523 0.12186978297161936 0.01021021021021021 
25 0.1285475792988314 0.4678678678678679 0.07429048414023372 0.011411411411411412 
26 0.14440734557595994 0.4828828828828829 0.09181969949916527 0.011411411411411412 
27 0.2629382303839733 0.4942942942942943 0.0676126878130217 0.007207207207207207 
28 0.19031719532554256 0.5153153153153153 0.12186978297161936 0.013813813813813814 
29 0.13606010016694492 0.5423423423423424 0.01335559265442404 0.009009009009009009 
30 0.11519198664440734 0.5693693693693693 0.02671118530884808 0.006606606606606606 
31 0.1293823038397329 0.5873873873873874 0.05509181969949917 0.011411411411411412 
32 0.21035058430717862 0.6024024024024024 0.09515859766277128 0.012612612612612612 
33 0.14357262103505844 0.618018018018018 0.08430717863105175 0.00960960960960961 
34 0.2646076794657763 0.6312312312312313 0.06844741235392321 0.007207207207207207 
35 0.21035058430717862 0.648048048048048 0.17278797996661102 0.008408408408408409 
36 0.21202003338898165 0.6648648648648648 0.0659432387312187 0.00960960960960961 
37 0.167779632721202 0.6804804804804805 0.009181969949916527 0.011411411411411412 
38 0.20951585976627712 0.6966966966966966 0.09682804674457429 0.012012012012012012 
39 0.09348914858096828 0.8648648648648649 0.11018363939899833 0.010810810810810811 
40 0.7395659432387313 0.17477477477477477 0.0709515859766277 0.012012012012012012 
41 0.7278797996661102 0.19099099099099098 0.052587646076794656 0.011411411411411412 
42 0.7637729549248747 0.2066066066066066 0.11853088480801335 0.013213213213213212 
43 0.7537562604340567 0.22402402402402402 0.0642737896494157 0.013213213213213212 
44 0.8731218697829716 0.22042042042042043 0.08013355592654424 0.00960960960960961 
45 0.8063439065108514 0.24264264264264265 0.16026711185308848 0.016216216216216217 
46 0.6853088480801336 0.3063063063063063 0.07846410684474124 0.012012012012012012 
47 0.6811352253756261 0.32732732732732733 0.07178631051752922 0.010810810810810811 
48 0.6803005008347245 0.3483483483483483 0.0667779632721202 0.00960960960960961 
49 0.8472454090150251 0.34654654654654654 0.06928213689482471 0.007807807807807808 
50 0.828881469115192 0.3267267267267267 0.03171953255425709 0.006606606606606606 
51 0.7337228714524207 0.38078078078078076 0.06176961602671119 0.01021021021021021 
52 0.7437395659432388 0.3945945945945946 0.048414023372287146 0.01021021021021021 
53 0.7813021702838063 0.4096096096096096 0.06176961602671119 0.012012012012012012 
54 0.8597662771285476 0.44144144144144143 0.04424040066777963 0.008408408408408409 
55 0.9365609348914858 0.43843843843843844 0.045909849749582635 0.015615615615615615 
56 0.827212020033389 0.45465465465465466 0.05509181969949917 0.00960960960960961 
57 0.7353923205342237 0.4678678678678679 0.07679465776293823 0.01021021021021021 
58 0.7462437395659433 0.48228228228228226 0.08848080133555926 0.01021021021021021 
59 0.8622704507512521 0.4954954954954955 0.0676126878130217 0.008408408408408409 
60 0.8539232053422371 0.5141141141141141 0.25125208681135225 0.013213213213213212 
61 0.7345575959933222 0.5393393393393393 0.0 0.0 
61 0.8155258764607679 0.5399399399399399 0.0 0.0 
62 0.7404006677796328 0.5711711711711712 0.07846410684474124 0.010810810810810811 
63 0.7303839732888147 0.5861861861861862 0.05926544240400668 0.00960960960960961 
64 0.8021702838063439 0.6024024024024024 0.08931552587646077 0.012012012012012012 
65 0.7762938230383973 0.618018018018018 0.14357262103505844 0.011411411411411412 
66 0.8606010016694491 0.6312312312312313 0.06260434056761269 0.007207207207207207 
67 0.7796327212020033 0.6504504504504505 0.10350584307178631 0.012012012012012012 
68 0.8180300500834724 0.6648648648648648 0.07512520868113523 0.00960960960960961 
69 0.7746243739565943 0.6792792792792792 0.015025041736227046 0.011411411411411412 
70 0.8021702838063439 0.6948948948948949 0.08347245409015025 0.00960960960960961 
71 0.8981636060100167 0.8624624624624625 0.15692821368948248 0.007807807807807808 
6 0.6268781302170284 0.06666666666666667 0.0 0.0 
3 0.2303839732888147 0.11471471471471471 0.0 0.0 
72 0.15943238731218698 0.11411411411411411 0.0 0.0 
73 0.3739565943238731 0.2012012012012012 0.0 0.0 
74 0.3722871452420701 0.2132132132132132 0.0 0.0 
75 0.3797996661101836 0.24084084084084084 0.011686143572621035 0.007807807807807808 
76 0.3739565943238731 0.2594594594594595 0.0 0.0 
77 0.3823038397328882 0.2894894894894895 0.01669449081803005 0.008408408408408409 
78 0.3806343906510851 0.3171171171171171 0.010851419031719533 0.007207207207207207 
79 0.3797996661101836 0.34534534534534533 0.012520868113522538 0.00960960960960961 
80 0.3797996661101836 0.3747747747747748 0.011686143572621035 0.008408408408408409 
81 0.3739565943238731 0.4114114114114114 0.0 0.0 
82 0.3739565943238731 0.43963963963963965 0.0 0.0 
83 0.3747913188647746 0.45885885885885885 0.0 0.0 
84 0.3739565943238731 0.47807807807807806 0.0 0.0 
85 0.3814691151919866 0.5003003003003003 0.015859766277128547 0.00960960960960961 
86 0.3756260434056761 0.5159159159159159 0.0 0.0 
87 0.3806343906510851 0.5381381381381382 0.017529215358931552 0.00960960960960961 
88 0.3823038397328882 0.5669669669669669 0.01669449081803005 0.009009009009009009 
89 0.37145242070116863 0.5945945945945946 0.0 0.0 
90 0.3739565943238731 0.6246246246246246 0.0 0.0 
91 0.6176961602671118 0.6234234234234234 0.02003338898163606 0.011411411411411412 
92 0.6168614357262103 0.5963963963963964 0.011686143572621035 0.008408408408408409 
93 0.6118530884808013 0.5663663663663664 0.0 0.0 
94 0.6185308848080133 0.5393393393393393 0.01669449081803005 0.009009009009009009 
95 0.6118530884808013 0.5165165165165165 0.0 0.0 
96 0.6110183639398998 0.5009009009009009 0.0 0.0 
97 0.6176961602671118 0.4804804804804805 0.014190317195325543 0.009009009009009009 
98 0.6110183639398998 0.45885885885885885 0.0 0.0 
99 0.6093489148580968 0.44084084084084085 0.0 0.0 
100 0.6160267111853088 0.4138138138138138 0.012520868113522538 0.00960960960960961 
101 0.6185308848080133 0.375975975975976 0.01335559265442404 0.008408408408408409 
102 0.6093489148580968 0.34594594594594597 0.0 0.0 
103 0.6168614357262103 0.31771771771771773 0.012520868113522538 0.009009009009009009 
104 0.6101836393989983 0.2876876876876877 0.0 0.0 
105 0.6126878130217028 0.26006006006006005 0.0 0.0 
106 0.6101836393989983 0.23843843843843843 0.0 0.0 
107 0.6093489148580968 0.2138138138138138 0.0 0.0 
108 0.6193656093489148 0.2012012012012012 0.015025041736227046 0.008408408408408409 
29 0.21285475792988315 0.5399399399399399 0.0 0.0 
