0 0.08764607679465776 0.07027027027027027 0.10517529215358931 0.012012012012012012 
1 0.22287145242070117 0.07087087087087086 0.07178631051752922 0.010810810810810811 
2 0.3347245409015025 0.06966966966966967 0.08180300500834725 0.009009009009009009 
3 0.32136894824707846 0.11651651651651651 0.012520868113522538 0.008408408408408409 
4 0.07429048414023372 0.11711711711711711 0.0 0.0 
5 0.4716193656093489 0.06846846846846846 0.18697829716193656 0.01021021021021021 
6 0.7078464106844741 0.07027027027027027 0.0 0.0 
7 0.5959933222036727 0.0990990990990991 0.46410684474123537 0.015015015015015015 
8 0.15275459098497496 0.17477477477477477 0.10851419031719532 0.011411411411411412 
9 0.15191986644407346 0.19039039039039038 0.11185308848080133 0.013813813813813814 
10 0.23205342237061768 0.20960960960960962 0.2671118530884808 0.011411411411411412 
11 0.15859766277128548 0.22462462462462462 0.07846410684474124 0.01021021021021021 
12 0.27295492487479134 0.22462462462462462 0.08764607679465776 0.012012012012012012 
13 0.22203672787979967 0.24264264264264265 0.19282136894824708 0.013213213213213212 
14 0.11602671118530884 0.3051051051051051 0.1419031719532554 0.004804804804804805 
15 0.08681135225375626 0.3261261261261261 0.08597662771285476 0.007807807807807808 
16 0.10267111853088481 0.3471471471471472 0.11686143572621036 0.009009009009009009 
17 0.2696160267111853 0.3237237237237237 0.11686143572621036 0.01021021021021021 
18 0.25542570951585974 0.3471471471471472 0.08430717863105175 0.00960960960960961 
19 0.18280467445742904 0.3813813813813814 0.1686143572621035 0.014414414414414415 
20 0.15776293823038398 0.39579579579579577 0.08514190317195326 0.013213213213213212 
21 0.19699499165275458 0.412012012012012 0.1018363939899833 0.012012012012012012 
22 0.2579298831385643 0.44084084084084085 0.045909849749582635 0.010810810810810811 
23 0.335559265442404 0.4402402402402402 0.05008347245409015 0.01021021021021021 
24 0.2687813021702838 0.45585585585585586 0.14858096828046743 0.010810810810810811 
25 0.17529215358931552 0.46846846846846846 0.167779632721202 0.01021021021021021 
26 0.18447412353923207 0.48348348348348347 0.17195325542570952 0.011411411411411412 
27 0.27963272120200333 0.4972972972972973 0.1001669449081803 0.012012012012012012 
28 0.21953255425709517 0.5153153153153153 0.18113522537562604 0.013813813813813814 
29 0.1293823038397329 0.542942942942943 0.0 0.0 
30 0.14858096828046743 0.5717717717717717 0.09432387312186978 0.01021021021021021 
31 0.15692821368948248 0.5873873873873874 0.11018363939899833 0.011411411411411412 
32 0.20534223706176963 0.6024024024024024 0.08597662771285476 0.012612612612612612 
33 0.19031719532554256 0.618018018018018 0.17696160267111852 0.00960960960960961 
34 0.27212020033388984 0.6324324324324324 0.08430717863105175 0.011411411411411412 
35 0.18948247078464106 0.6486486486486487 0.1302170283806344 0.012012012012012012 
36 0.24958263772954925 0.6654654654654655 0.14106844741235391 0.00960960960960961 
37 0.17696160267111852 0.6804804804804805 0.027545909849749584 0.011411411411411412 
38 0.21535893155258765 0.6960960960960961 0.10934891485809682 0.013213213213213212 
39 0.11018363939899833 0.8678678678678678 0.14440734557595994 0.004804804804804805 
40 0.7479131886477463 0.17477477477477477 0.08764607679465776 0.011411411411411412 
41 0.7637729549248747 0.19039039039039038 0.12437395659432388 0.012612612612612612 
42 0.7913188647746243 0.2066066066066066 0.17445742904841402 0.012612612612612612 
43 0.7587646076794657 0.22582582582582583 0.07345575959933222 0.00960960960960961 
44 0.8956594323873122 0.22342342342342342 0.12604340567612687 0.014414414414414415 
45 0.8397328881469115 0.24324324324324326 0.2270450751252087 0.015615615615615615 
46 0.7061769616026711 0.3069069069069069 0.12020033388981637 0.01021021021021021 
47 0.6894824707846411 0.32732732732732733 0.08931552587646077 0.010810810810810811 
48 0.6878130217028381 0.3483483483483483 0.08180300500834725 0.00960960960960961 
49 0.8505843071786311 0.3483483483483483 0.07595993322203673 0.01021021021021021 
50 0.8547579298831386 0.3267267267267267 0.08430717863105175 0.00960960960960961 
51 0.7712854757929883 0.38078078078078076 0.13772954924874792 0.010810810810810811 
52 0.7520868113522537 0.3945945945945946 0.0651085141903172 0.01021021021021021 
53 0.8021702838063439 0.4096096096096096 0.10350584307178631 0.012012012012012012 
54 0.8580968280467446 0.4402402402402402 0.04006677796327212 0.010810810810810811 
55 0.9357262103505843 0.4402402402402402 0.04424040066777963 0.011411411411411412 
56 0.8589315525876461 0.45465465465465466 0.11936560934891485 0.00960960960960961 
57 0.7370617696160268 0.4678678678678679 0.08013355592654424 0.010810810810810811 
58 0.8146911519198664 0.48228228228228226 0.2262103505843072 0.01021021021021021 
59 0.8956594323873122 0.4960960960960961 0.1335559265442404 0.012012012012012012 
60 0.8138564273789649 0.5141141141141141 0.17111853088480802 0.012612612612612612 
61 0.7345575959933222 0.5411411411411411 0.0 0.0 
61 0.820534223706177 0.542942942942943 0.010851419031719533 0.006006006006006006 
62 0.7395659432387313 0.5711711711711712 0.07679465776293823 0.01021021021021021 
63 0.7696160267111853 0.5855855855855856 0.13772954924874792 0.012612612612612612 
64 0.8113522537562604 0.6024024024024024 0.10767946577629382 0.011411411411411412 
65 0.8121869782971619 0.6174174174174174 0.21535893155258765 0.012612612612612612 
66 0.8706176961602671 0.6324324324324324 0.08180300500834725 0.01021021021021021 
67 0.843906510851419 0.6510510510510511 0.2328881469115192 0.010810810810810811 
68 0.8363939899833055 0.6642642642642642 0.11268781302170283 0.01021021021021021 
69 0.7829716193656093 0.6798798798798799 0.03171953255425709 0.01021021021021021 
70 0.8021702838063439 0.6942942942942943 0.08430717863105175 0.01021021021021021 
71 0.8914858096828047 0.8648648648648649 0.14357262103505844 0.006606606606606606 
6 0.6268781302170284 0.06846846846846846 0.0 0.0 
3 0.2378964941569282 0.11651651651651651 0.015025041736227046 0.007807807807807808 
72 0.1636060100166945 0.11711711711711711 0.008347245409015025 0.006006006006006006 
73 0.3739565943238731 0.203003003003003 0.0 0.0 
74 0.3722871452420701 0.21501501501501502 0.0 0.0 
75 0.3806343906510851 0.24084084084084084 0.014190317195325543 0.008408408408408409 
76 0.3739565943238731 0.26126126126126126 0.0 0.0 
77 0.3739565943238731 0.2894894894894895 0.0 0.0 
78 0.3823038397328882 0.3165165165165165 0.01335559265442404 0.007807807807807808 
79 0.3739565943238731 0.34594594594594597 0.0 0.0 
80 0.3739565943238731 0.3747747747747748 0.0 0.0 
81 0.3739565943238731 0.4132132132132132 0.0 0.0 
82 0.3806343906510851 0.44144144144144143 0.01335559265442404 0.007807807807807808 
83 0.3831385642737897 0.46006006006006006 0.01669449081803005 0.009009009009009009 
84 0.3739565943238731 0.4798798798798799 0.0 0.0 
85 0.3739565943238731 0.5009009009009009 0.0 0.0 
86 0.3756260434056761 0.5177177177177177 0.0 0.0 
87 0.3806343906510851 0.5369369369369369 0.017529215358931552 0.011411411411411412 
88 0.3739565943238731 0.5675675675675675 0.0 0.0 
89 0.37145242070116863 0.5963963963963964 0.0 0.0 
90 0.3806343906510851 0.6264264264264264 0.014190317195325543 0.007807807807807808 
91 0.6176961602671118 0.6246246246246246 0.020868113522537562 0.009009009009009009 
92 0.6110183639398998 0.5963963963963964 0.0 0.0 
93 0.6210350584307178 0.5669669669669669 0.018363939899833055 0.010810810810810811 
94 0.6202003338898163 0.5387387387387388 0.02003338898163606 0.010810810810810811 
95 0.6210350584307178 0.5177177177177177 0.018363939899833055 0.00960960960960961 
96 0.6110183639398998 0.5027027027027027 0.0 0.0 
97 0.6110183639398998 0.4810810810810811 0.0 0.0 
98 0.6202003338898163 0.46006006006006006 0.018363939899833055 0.00960960960960961 
99 0.6093489148580968 0.44264264264264264 0.0 0.0 
100 0.6101836393989983 0.4144144144144144 0.0 0.0 
101 0.6118530884808013 0.375975975975976 0.0 0.0 
102 0.6168614357262103 0.34594594594594597 0.015859766277128547 0.011411411411411412 
103 0.6185308848080133 0.3165165165165165 0.015859766277128547 0.011411411411411412 
104 0.6185308848080133 0.28888888888888886 0.01669449081803005 0.00960960960960961 
105 0.6193656093489148 0.2618618618618619 0.01335559265442404 0.008408408408408409 
106 0.6101836393989983 0.24024024024024024 0.0 0.0 
107 0.6168614357262103 0.21501501501501502 0.015025041736227046 0.00960960960960961 
108 0.6185308848080133 0.2012012012012012 0.014190317195325543 0.007807807807807808 
29 0.21285475792988315 0.5417417417417417 0.0 0.0 
