0 0.09181969949916527 0.06966966966966967 0.11435726210350584 0.012612612612612612 
1 0.22287145242070117 0.07087087087087086 0.07178631051752922 0.010810810810810811 
2 0.33889816360601 0.06846846846846846 0.09098497495826377 0.011411411411411412 
3 0.31552587646076796 0.11471471471471471 0.0 0.0 
4 0.08013355592654424 0.11771771771771772 0.012520868113522538 0.006606606606606606 
5 0.4365609348914858 0.06786786786786787 0.11769616026711185 0.012012012012012012 
6 0.7078464106844741 0.06846846846846846 0.0 0.0 
7 0.5108514190317195 0.0972972972972973 0.29465776293823037 0.01021021021021021 
8 0.1419031719532554 0.17477477477477477 0.08681135225375626 0.011411411411411412 
9 0.11769616026711185 0.1897897897897898 0.04340567612687813 0.014414414414414415 
10 0.21035058430717862 0.209009009009009 0.22370617696160267 0.012612612612612612 
11 0.15525876460767946 0.22462462462462462 0.07178631051752922 0.010810810810810811 
12 0.2629382303839733 0.22162162162162163 0.0667779632721202 0.005405405405405406 
13 0.20868113522537562 0.24204204204204205 0.166110183639399 0.013813813813813814 
14 0.10684474123539232 0.3033033033033033 0.12353923205342238 0.007807807807807808 
15 0.0667779632721202 0.3261261261261261 0.045909849749582635 0.008408408408408409 
16 0.07429048414023372 0.34534534534534533 0.06093489148580968 0.006606606606606606 
17 0.23121869782971619 0.32432432432432434 0.040901502504173626 0.009009009009009009 
18 0.24540901502504173 0.34594594594594597 0.0642737896494157 0.007207207207207207 
19 0.15692821368948248 0.38198198198198197 0.11686143572621036 0.013213213213213212 
20 0.14941569282136896 0.39579579579579577 0.06928213689482471 0.012612612612612612 
21 0.18030050083472454 0.4114114114114114 0.06844741235392321 0.012612612612612612 
22 0.2595993322203673 0.44204204204204206 0.048414023372287146 0.007807807807807808 
23 0.3347245409015025 0.44144144144144143 0.049248747913188645 0.008408408408408409 
24 0.2395659432387312 0.45525525525525523 0.09098497495826377 0.011411411411411412 
25 0.1327212020033389 0.4678678678678679 0.08180300500834725 0.011411411411411412 
26 0.169449081803005 0.48348348348348347 0.1419031719532554 0.011411411411411412 
27 0.2662771285475793 0.4936936936936937 0.07429048414023372 0.007207207207207207 
28 0.19365609348914858 0.5159159159159159 0.1285475792988314 0.012612612612612612 
29 0.1293823038397329 0.5411411411411411 0.0 0.0 
30 0.12270450751252086 0.5723723723723724 0.041736227045075125 0.00960960960960961 
31 0.12604340567612687 0.5873873873873874 0.048414023372287146 0.012012012012012012 
32 0.22203672787979967 0.6018018018018018 0.11853088480801335 0.013813813813813814 
33 0.16193656093489148 0.6174174174174174 0.12020033388981637 0.01021021021021021 
34 0.2637729549248748 0.6294294294294295 0.0676126878130217 0.004804804804804805 
35 0.20701168614357263 0.6486486486486487 0.166110183639399 0.012012012012012012 
36 0.21368948247078465 0.6648648648648648 0.06844741235392321 0.01021021021021021 
37 0.17028380634390652 0.6804804804804805 0.014190317195325543 0.012012012012012012 
38 0.21953255425709517 0.6966966966966966 0.11686143572621036 0.011411411411411412 
39 0.11018363939899833 0.8678678678678678 0.14440734557595994 0.004804804804804805 
40 0.7470784641068448 0.17477477477477477 0.08514190317195326 0.011411411411411412 
41 0.7203672787979967 0.1915915915915916 0.037562604340567615 0.01021021021021021 
42 0.8230383973288815 0.2066066066066066 0.2370617696160267 0.013213213213213212 
43 0.7621035058430717 0.22462462462462462 0.08096828046744574 0.011411411411411412 
44 0.8764607679465777 0.22102102102102103 0.08764607679465776 0.007207207207207207 
45 0.7921535893155259 0.24324324324324326 0.1318864774624374 0.015615615615615615 
46 0.6994991652754591 0.3039039039039039 0.10684474123539232 0.007807807807807808 
47 0.679465776293823 0.32732732732732733 0.06844741235392321 0.01021021021021021 
48 0.6769616026711185 0.34654654654654654 0.06010016694490818 0.006606606606606606 
49 0.8464106844741235 0.34474474474474476 0.0667779632721202 0.005405405405405406 
50 0.8514190317195326 0.3267267267267267 0.07762938230383973 0.00960960960960961 
51 0.7771285475792988 0.3813813813813814 0.14858096828046743 0.00960960960960961 
52 0.7470784641068448 0.3945945945945946 0.055926544240400666 0.01021021021021021 
53 0.7871452420701168 0.41081081081081083 0.07345575959933222 0.00960960960960961 
54 0.8572621035058431 0.44204204204204206 0.03923205342237062 0.006606606606606606 
55 0.9373956594323873 0.44144144144144143 0.04674457429048414 0.00960960960960961 
56 0.8881469115191987 0.45285285285285287 0.17779632721202004 0.006006006006006006 
57 0.7696160267111853 0.4678678678678679 0.14607679465776294 0.01021021021021021 
58 0.7921535893155259 0.4828828828828829 0.18113522537562604 0.00960960960960961 
59 0.8622704507512521 0.49309309309309307 0.0667779632721202 0.005405405405405406 
60 0.7988313856427379 0.5141141141141141 0.14023372287145242 0.013213213213213212 
61 0.7404006677796328 0.5423423423423424 0.011686143572621035 0.006006006006006006 
61 0.8155258764607679 0.5399399399399399 0.0 0.0 
62 0.7353923205342237 0.5711711711711712 0.06844741235392321 0.01021021021021021 
63 0.7345575959933222 0.5861861861861862 0.0667779632721202 0.011411411411411412 
64 0.8096828046744574 0.6024024024024024 0.10434056761268781 0.011411411411411412 
65 0.7629382303839732 0.6174174174174174 0.11769616026711185 0.012612612612612612 
66 0.8589315525876461 0.6306306306306306 0.05926544240400668 0.006006006006006006 
67 0.8472454090150251 0.6504504504504505 0.2387312186978297 0.012012012012012012 
68 0.833889816360601 0.6642642642642642 0.10684474123539232 0.010810810810810811 
69 0.7871452420701168 0.6792792792792792 0.040901502504173626 0.011411411411411412 
70 0.8071786310517529 0.6942942942942943 0.09348914858096828 0.01021021021021021 
71 0.8964941569282137 0.8660660660660661 0.15358931552587646 0.004204204204204204 
6 0.6327212020033389 0.06906906906906907 0.011686143572621035 0.006606606606606606 
3 0.2370617696160267 0.11651651651651651 0.014190317195325543 0.006606606606606606 
72 0.1636060100166945 0.11771771771771772 0.009181969949916527 0.004804804804804805 
73 0.3739565943238731 0.2012012012012012 0.0 0.0 
74 0.3781302170283806 0.21501501501501502 0.012520868113522538 0.007807807807807808 
75 0.3739565943238731 0.23903903903903903 0.0 0.0 
76 0.3739565943238731 0.2594594594594595 0.0 0.0 
77 0.3814691151919866 0.28888888888888886 0.015859766277128547 0.009009009009009009 
78 0.3814691151919866 0.3171171171171171 0.011686143572621035 0.006606606606606606 
79 0.3823038397328882 0.34534534534534533 0.01669449081803005 0.009009009009009009 
80 0.3739565943238731 0.372972972972973 0.0 0.0 
81 0.3739565943238731 0.4114114114114114 0.0 0.0 
82 0.3806343906510851 0.44144144144144143 0.01335559265442404 0.007807807807807808 
83 0.3747913188647746 0.45885885885885885 0.0 0.0 
84 0.3739565943238731 0.47807807807807806 0.0 0.0 
85 0.3739565943238731 0.4990990990990991 0.0 0.0 
86 0.3756260434056761 0.5159159159159159 0.0 0.0 
87 0.3814691151919866 0.5375375375375375 0.018363939899833055 0.010810810810810811 
88 0.3739565943238731 0.5657657657657658 0.0 0.0 
89 0.3789649415692821 0.5957957957957958 0.015859766277128547 0.00960960960960961 
90 0.3814691151919866 0.6246246246246246 0.015025041736227046 0.012012012012012012 
91 0.6160267111853088 0.6228228228228229 0.01669449081803005 0.012612612612612612 
92 0.6110183639398998 0.5945945945945946 0.0 0.0 
93 0.6202003338898163 0.5669669669669669 0.01669449081803005 0.010810810810810811 
94 0.6185308848080133 0.5393393393393393 0.01669449081803005 0.00960960960960961 
95 0.6118530884808013 0.5165165165165165 0.0 0.0 
96 0.6202003338898163 0.5015015015015015 0.018363939899833055 0.009009009009009009 
97 0.6185308848080133 0.4804804804804805 0.015859766277128547 0.009009009009009009 
98 0.6185308848080133 0.46006006006006006 0.015025041736227046 0.009009009009009009 
99 0.6168614357262103 0.44204204204204206 0.015859766277128547 0.00960960960960961 
100 0.6176961602671118 0.4138138138138138 0.015859766277128547 0.00960960960960961 
101 0.6193656093489148 0.37537537537537535 0.015025041736227046 0.009009009009009009 
102 0.6093489148580968 0.34594594594594597 0.0 0.0 
103 0.6110183639398998 0.3165165165165165 0.0 0.0 
104 0.6101836393989983 0.2876876876876877 0.0 0.0 
105 0.6193656093489148 0.2618618618618619 0.014190317195325543 0.006606606606606606 
106 0.6185308848080133 0.23963963963963963 0.01669449081803005 0.009009009009009009 
107 0.6093489148580968 0.2138138138138138 0.0 0.0 
108 0.6118530884808013 0.1993993993993994 0.0 0.0 
29 0.21285475792988315 0.5399399399399399 0.0 0.0 
