0 0.09348914858096828 0.06966966966966967 0.11769616026711185 0.012612612612612612 
1 0.22120200333889817 0.06906906906906907 0.06928213689482471 0.013813813813813814 
2 0.31803005008347246 0.06906906906906907 0.048414023372287146 0.010810810810810811 
3 0.31552587646076796 0.11411411411411411 0.0 0.0 
4 0.07429048414023372 0.11471471471471471 0.0 0.0 
5 0.4774624373956594 0.06786786786786787 0.1986644407345576 0.012012012012012012 
6 0.7128547579298832 0.07087087087087086 0.01001669449081803 0.007207207207207207 
7 0.4766277128547579 0.0996996996996997 0.2262103505843072 0.014414414414414415 
8 0.1302170283806344 0.17537537537537537 0.0642737896494157 0.010810810810810811 
9 0.11352253756260434 0.19099099099099098 0.03589315525876461 0.012612612612612612 
10 0.1652754590984975 0.209009009009009 0.1343906510851419 0.013213213213213212 
11 0.15609348914858096 0.22462462462462462 0.07345575959933222 0.010810810810810811 
12 0.25208681135225375 0.22462462462462462 0.045909849749582635 0.011411411411411412 
13 0.2270450751252087 0.24264264264264265 0.2028380634390651 0.013213213213213212 
14 0.07429048414023372 0.3033033033033033 0.05926544240400668 0.008408408408408409 
15 0.07345575959933222 0.3261261261261261 0.05926544240400668 0.007807807807807808 
16 0.0676126878130217 0.34654654654654654 0.04674457429048414 0.01021021021021021 
17 0.2328881469115192 0.3249249249249249 0.04340567612687813 0.007807807807807808 
18 0.2337228714524207 0.3471471471471472 0.040901502504173626 0.00960960960960961 
19 0.1310517529215359 0.38198198198198197 0.0659432387312187 0.013213213213213212 
20 0.14607679465776294 0.39579579579579577 0.06176961602671119 0.012612612612612612 
21 0.18864774624373956 0.412012012012012 0.08514190317195326 0.011411411411411412 
22 0.25626043405676124 0.44204204204204206 0.041736227045075125 0.007807807807807808 
23 0.3347245409015025 0.439039039039039 0.048414023372287146 0.013213213213213212 
24 0.21368948247078465 0.45645645645645644 0.03923205342237062 0.00960960960960961 
25 0.1018363939899833 0.4690690690690691 0.02003338898163606 0.009009009009009009 
26 0.15275459098497496 0.4828828828828829 0.10851419031719532 0.012612612612612612 
27 0.25375626043405675 0.4972972972972973 0.048414023372287146 0.012012012012012012 
28 0.21535893155258765 0.5153153153153153 0.17278797996661102 0.014414414414414415 
29 0.1352253756260434 0.5423423423423424 0.011686143572621035 0.009009009009009009 
30 0.15442404006677796 0.5717717717717717 0.10601001669449082 0.01021021021021021 
31 0.12604340567612687 0.5873873873873874 0.049248747913188645 0.011411411411411412 
32 0.21035058430717862 0.6018018018018018 0.09515859766277128 0.013813813813813814 
33 0.15275459098497496 0.618018018018018 0.10267111853088481 0.00960960960960961 
34 0.25542570951585974 0.6324324324324324 0.05008347245409015 0.012012012012012012 
35 0.19449081803005008 0.6486486486486487 0.14023372287145242 0.012012012012012012 
36 0.2262103505843072 0.6648648648648648 0.09348914858096828 0.010810810810810811 
37 0.18280467445742904 0.6798798798798799 0.03923205342237062 0.012612612612612612 
38 0.21535893155258765 0.6960960960960961 0.10934891485809682 0.013213213213213212 
39 0.11101836393989983 0.8648648648648649 0.14607679465776294 0.01021021021021021 
40 0.7378964941569283 0.17537537537537537 0.0676126878130217 0.01021021021021021 
41 0.7287145242070117 0.19039039039039038 0.05342237061769616 0.013213213213213212 
42 0.7454090150250418 0.2066066066066066 0.08263772954924875 0.013213213213213212 
43 0.7595993322203672 0.22402402402402402 0.07595993322203673 0.012612612612612612 
44 0.8597662771285476 0.2228228228228228 0.05342237061769616 0.015015015015015015 
45 0.8021702838063439 0.24264264264264265 0.15275459098497496 0.016816816816816817 
46 0.7145242070116862 0.3063063063063063 0.13689482470784642 0.012012012012012012 
47 0.6936560934891486 0.32732732732732733 0.09766277128547579 0.010810810810810811 
48 0.674457429048414 0.3483483483483483 0.055926544240400666 0.00960960960960961 
49 0.833889816360601 0.3483483483483483 0.04257095158597663 0.01021021021021021 
50 0.837228714524207 0.3261261261261261 0.049248747913188645 0.00960960960960961 
51 0.7220367278797997 0.38078078078078076 0.03923205342237062 0.010810810810810811 
52 0.7395659432387313 0.3945945945945946 0.040901502504173626 0.010810810810810811 
53 0.7979966611018364 0.4096096096096096 0.09515859766277128 0.012012012012012012 
54 0.8622704507512521 0.43723723723723723 0.048414023372287146 0.016816816816816817 
55 0.9382303839732888 0.44084084084084085 0.049248747913188645 0.01021021021021021 
56 0.8430717863105175 0.45465465465465466 0.08764607679465776 0.009009009009009009 
57 0.7170283806343907 0.46846846846846846 0.040901502504173626 0.00960960960960961 
58 0.7378964941569283 0.48228228228228226 0.07178631051752922 0.01021021021021021 
59 0.8522537562604341 0.4960960960960961 0.04674457429048414 0.012012012012012012 
60 0.7871452420701168 0.5135135135135135 0.11769616026711185 0.013813813813813814 
61 0.7345575959933222 0.5387387387387388 0.0 0.0 
61 0.8196994991652755 0.542942942942943 0.009181969949916527 0.006006006006006006 
62 0.7420701168614358 0.5711711711711712 0.08263772954924875 0.01021021021021021 
63 0.7404006677796328 0.5861861861861862 0.07846410684474124 0.012012012012012012 
64 0.8063439065108514 0.6024024024024024 0.09766277128547579 0.012012012012012012 
65 0.7487479131886478 0.6174174174174174 0.08931552587646077 0.012612612612612612 
66 0.8614357262103506 0.6324324324324324 0.06343906510851419 0.01021021021021021 
67 0.8130217028380634 0.6498498498498498 0.17111853088480802 0.013213213213213212 
68 0.827212020033389 0.6642642642642642 0.09432387312186978 0.010810810810810811 
69 0.7863105175292153 0.6798798798798799 0.038397328881469114 0.010810810810810811 
70 0.8130217028380634 0.6942942942942943 0.10517529215358931 0.01021021021021021 
71 0.8597662771285476 0.8642642642642643 0.08096828046744574 0.008408408408408409 
6 0.6318864774624374 0.06906906906906907 0.01001669449081803 0.006606606606606606 
3 0.2353923205342237 0.11711711711711711 0.010851419031719533 0.007207207207207207 
72 0.15943238731218698 0.11351351351351352 0.0 0.0 
73 0.3789649415692821 0.2024024024024024 0.010851419031719533 0.009009009009009009 
74 0.3781302170283806 0.21501501501501502 0.012520868113522538 0.008408408408408409 
75 0.3739565943238731 0.23843843843843843 0.0 0.0 
76 0.3789649415692821 0.2606606606606607 0.010851419031719533 0.009009009009009009 
77 0.3739565943238731 0.2870870870870871 0.0 0.0 
78 0.3806343906510851 0.3171171171171171 0.01001669449081803 0.007207207207207207 
79 0.3739565943238731 0.34354354354354355 0.0 0.0 
80 0.3739565943238731 0.37237237237237236 0.0 0.0 
81 0.3739565943238731 0.41081081081081083 0.0 0.0 
82 0.3806343906510851 0.44204204204204206 0.01335559265442404 0.006606606606606606 
83 0.3747913188647746 0.4582582582582583 0.0 0.0 
84 0.3739565943238731 0.4774774774774775 0.0 0.0 
85 0.3797996661101836 0.5003003003003003 0.012520868113522538 0.00960960960960961 
86 0.3823038397328882 0.5171171171171172 0.01335559265442404 0.008408408408408409 
87 0.3722871452420701 0.5363363363363364 0.0 0.0 
88 0.3814691151919866 0.5663663663663664 0.015859766277128547 0.010810810810810811 
89 0.37145242070116863 0.593993993993994 0.0 0.0 
90 0.3739565943238731 0.624024024024024 0.0 0.0 
91 0.6193656093489148 0.6234234234234234 0.02337228714524207 0.012012012012012012 
92 0.6160267111853088 0.5957957957957958 0.010851419031719533 0.009009009009009009 
93 0.6118530884808013 0.5657657657657658 0.0 0.0 
94 0.6101836393989983 0.5375375375375375 0.0 0.0 
95 0.6118530884808013 0.5159159159159159 0.0 0.0 
96 0.6185308848080133 0.5021021021021022 0.015025041736227046 0.00960960960960961 
97 0.6160267111853088 0.4804804804804805 0.010851419031719533 0.009009009009009009 
98 0.6110183639398998 0.4582582582582583 0.0 0.0 
99 0.6168614357262103 0.44204204204204206 0.015025041736227046 0.00960960960960961 
100 0.6101836393989983 0.412012012012012 0.0 0.0 
101 0.6185308848080133 0.37537537537537535 0.01335559265442404 0.008408408408408409 
102 0.6160267111853088 0.34594594594594597 0.014190317195325543 0.01021021021021021 
103 0.6176961602671118 0.3171171171171171 0.01335559265442404 0.01021021021021021 
104 0.6101836393989983 0.2870870870870871 0.0 0.0 
105 0.6126878130217028 0.2594594594594595 0.0 0.0 
106 0.6160267111853088 0.23963963963963963 0.012520868113522538 0.00960960960960961 
107 0.6093489148580968 0.2132132132132132 0.0 0.0 
108 0.6185308848080133 0.2018018018018018 0.01335559265442404 0.007207207207207207 
29 0.21702838063439064 0.5423423423423424 0.009181969949916527 0.006606606606606606 
