0 0.07846410684474124 0.06966966966966967 0.08681135225375626 0.012612612612612612 
1 0.21702838063439064 0.06966966966966967 0.06010016694490818 0.013213213213213212 
2 0.31969949916527546 0.06726726726726727 0.052587646076794656 0.008408408408408409 
3 0.32136894824707846 0.11591591591591592 0.012520868113522538 0.009009009009009009 
4 0.08013355592654424 0.11651651651651651 0.012520868113522538 0.009009009009009009 
5 0.44657762938230383 0.06786786786786787 0.13772954924874792 0.011411411411411412 
6 0.7078464106844741 0.06846846846846846 0.0 0.0 
7 0.4666110183639399 0.0990990990990991 0.20534223706176963 0.015615615615615615 
8 0.14774624373956594 0.17537537537537537 0.09849749582637729 0.010810810810810811 
9 0.12604340567612687 0.19099099099099098 0.06010016694490818 0.012612612612612612 
10 0.13856427378964942 0.2084084084084084 0.08096828046744574 0.012612612612612612 
11 0.14524207011686144 0.22462462462462462 0.052587646076794656 0.010810810810810811 
12 0.2587646076794658 0.22522522522522523 0.05843071786310518 0.00960960960960961 
13 0.2011686143572621 0.24204204204204205 0.15108514190317196 0.013813813813813814 
14 0.0667779632721202 0.3015015015015015 0.04424040066777963 0.005405405405405406 
15 0.0659432387312187 0.32552552552552555 0.04340567612687813 0.009009009009009009 
16 0.06844741235392321 0.34594594594594597 0.048414023372287146 0.007807807807807808 
17 0.24707846410684475 0.32432432432432434 0.07262103505843072 0.00960960960960961 
18 0.25375626043405675 0.3471471471471472 0.08013355592654424 0.009009009009009009 
19 0.1352253756260434 0.3813813813813814 0.07429048414023372 0.014414414414414415 
20 0.14691151919866444 0.39579579579579577 0.06343906510851419 0.012612612612612612 
21 0.17779632721202004 0.412012012012012 0.06343906510851419 0.012012012012012012 
22 0.2587646076794658 0.4402402402402402 0.04757929883138564 0.011411411411411412 
23 0.3347245409015025 0.439039039039039 0.048414023372287146 0.012612612612612612 
24 0.2262103505843072 0.45585585585585586 0.06343906510851419 0.010810810810810811 
25 0.1335559265442404 0.46846846846846846 0.08430717863105175 0.01021021021021021 
26 0.167779632721202 0.4828828828828829 0.13939899833055092 0.012612612612612612 
27 0.2570951585976628 0.4960960960960961 0.05509181969949917 0.009009009009009009 
28 0.24791318864774625 0.5171171171171172 0.2370617696160267 0.01021021021021021 
29 0.1293823038397329 0.5411411411411411 0.0 0.0 
30 0.13689482470784642 0.5717717717717717 0.07011686143572621 0.01021021021021021 
31 0.11769616026711185 0.587987987987988 0.03171953255425709 0.010810810810810811 
32 0.21285475792988315 0.6018018018018018 0.1001669449081803 0.013813813813813814 
33 0.15943238731218698 0.618018018018018 0.11519198664440734 0.00960960960960961 
34 0.25626043405676124 0.6312312312312313 0.052587646076794656 0.008408408408408409 
35 0.18030050083472454 0.6486486486486487 0.11185308848080133 0.012012012012012012 
36 0.2278797996661102 0.6654654654654655 0.09682804674457429 0.00960960960960961 
37 0.17445742904841402 0.6804804804804805 0.022537562604340568 0.012012012012012012 
38 0.20784641068447413 0.6966966966966966 0.09432387312186978 0.012012012012012012 
39 0.08347245409015025 0.8654654654654654 0.09098497495826377 0.00960960960960961 
40 0.7237061769616027 0.17477477477477477 0.038397328881469114 0.009009009009009009 
41 0.7220367278797997 0.1921921921921922 0.040901502504173626 0.00960960960960961 
42 0.7545909849749582 0.2066066066066066 0.1001669449081803 0.012612612612612612 
43 0.7554257095158597 0.22402402402402402 0.0667779632721202 0.012612612612612612 
44 0.8664440734557596 0.22162162162162163 0.0676126878130217 0.012012012012012012 
45 0.8464106844741235 0.24504504504504504 0.24123539232053423 0.011411411411411412 
46 0.7153589315525877 0.3057057057057057 0.13856427378964942 0.011411411411411412 
47 0.6686143572621035 0.32432432432432434 0.04757929883138564 0.006606606606606606 
48 0.672787979966611 0.34774774774774775 0.05175292153589316 0.008408408408408409 
49 0.8414023372287145 0.34774774774774775 0.05759599332220367 0.00960960960960961 
50 0.8447412353923205 0.3267267267267267 0.0642737896494157 0.00960960960960961 
51 0.7161936560934892 0.38078078078078076 0.02671118530884808 0.010810810810810811 
52 0.7412353923205343 0.3951951951951952 0.04340567612687813 0.00960960960960961 
53 0.7679465776293823 0.4096096096096096 0.03589315525876461 0.011411411411411412 
54 0.8589315525876461 0.43963963963963965 0.04257095158597663 0.012012012012012012 
55 0.9382303839732888 0.43723723723723723 0.048414023372287146 0.018018018018018018 
56 0.830550918196995 0.4540540540540541 0.06176961602671119 0.01021021021021021 
57 0.7253756260434057 0.46846846846846846 0.05676126878130217 0.00960960960960961 
58 0.7337228714524207 0.4816816816816817 0.0642737896494157 0.009009009009009009 
59 0.8547579298831386 0.4954954954954955 0.052587646076794656 0.009009009009009009 
60 0.8414023372287145 0.5159159159159159 0.2262103505843072 0.00960960960960961 
61 0.7345575959933222 0.5393393393393393 0.0 0.0 
61 0.8155258764607679 0.5399399399399399 0.0 0.0 
62 0.7270450751252087 0.5717717717717717 0.052587646076794656 0.00960960960960961 
63 0.7203672787979967 0.5867867867867868 0.038397328881469114 0.010810810810810811 
64 0.8071786310517529 0.6018018018018018 0.09849749582637729 0.012612612612612612 
65 0.7854757929883138 0.6174174174174174 0.16277128547579298 0.012612612612612612 
66 0.8539232053422371 0.6318318318318318 0.048414023372287146 0.007807807807807808 
67 0.7929883138564274 0.6498498498498498 0.1302170283806344 0.012612612612612612 
68 0.8188647746243739 0.6642642642642642 0.07762938230383973 0.01021021021021021 
69 0.7754590984974958 0.6798798798798799 0.017529215358931552 0.010810810810810811 
70 0.8005008347245409 0.6942942942942943 0.08096828046744574 0.01021021021021021 
71 0.8681135225375626 0.8642642642642643 0.09682804674457429 0.008408408408408409 
6 0.6268781302170284 0.06666666666666667 0.0 0.0 
3 0.2303839732888147 0.11471471471471471 0.0 0.0 
72 0.16277128547579298 0.11771771771771772 0.007512520868113523 0.004804804804804805 
73 0.3739565943238731 0.2012012012012012 0.0 0.0 
74 0.3722871452420701 0.2132132132132132 0.0 0.0 
75 0.3806343906510851 0.23963963963963963 0.014190317195325543 0.01021021021021021 
76 0.3797996661101836 0.2606606606606607 0.012520868113522538 0.00960960960960961 
77 0.3806343906510851 0.2882882882882883 0.01335559265442404 0.01021021021021021 
78 0.3756260434056761 0.31471471471471474 0.0 0.0 
79 0.3739565943238731 0.3441441441441441 0.0 0.0 
80 0.3739565943238731 0.372972972972973 0.0 0.0 
81 0.3797996661101836 0.4126126126126126 0.012520868113522538 0.00960960960960961 
82 0.3789649415692821 0.44204204204204206 0.01001669449081803 0.006606606606606606 
83 0.3806343906510851 0.46006006006006006 0.012520868113522538 0.009009009009009009 
84 0.3806343906510851 0.4786786786786787 0.014190317195325543 0.01021021021021021 
85 0.3806343906510851 0.4996996996996997 0.014190317195325543 0.010810810810810811 
86 0.3756260434056761 0.5159159159159159 0.0 0.0 
87 0.3722871452420701 0.5369369369369369 0.0 0.0 
88 0.3806343906510851 0.5663663663663664 0.014190317195325543 0.010810810810810811 
89 0.3789649415692821 0.5951951951951951 0.015025041736227046 0.01021021021021021 
90 0.3739565943238731 0.6246246246246246 0.0 0.0 
91 0.6151919866444073 0.6228228228228229 0.015025041736227046 0.013213213213213212 
92 0.6110183639398998 0.5945945945945946 0.0 0.0 
93 0.6193656093489148 0.5669669669669669 0.015025041736227046 0.01021021021021021 
94 0.6185308848080133 0.5381381381381382 0.017529215358931552 0.011411411411411412 
95 0.6118530884808013 0.5165165165165165 0.0 0.0 
96 0.6110183639398998 0.5009009009009009 0.0 0.0 
97 0.6110183639398998 0.47927927927927927 0.0 0.0 
98 0.6110183639398998 0.45885885885885885 0.0 0.0 
99 0.6168614357262103 0.44204204204204206 0.015025041736227046 0.009009009009009009 
100 0.6101836393989983 0.4126126126126126 0.0 0.0 
101 0.6118530884808013 0.3741741741741742 0.0 0.0 
102 0.6168614357262103 0.34594594594594597 0.015859766277128547 0.011411411411411412 
103 0.6185308848080133 0.3171171171171171 0.015025041736227046 0.01021021021021021 
104 0.6101836393989983 0.2876876876876877 0.0 0.0 
105 0.6126878130217028 0.26006006006006005 0.0 0.0 
106 0.6168614357262103 0.24024024024024024 0.01335559265442404 0.007807807807807808 
107 0.6160267111853088 0.21441441441441442 0.014190317195325543 0.01021021021021021 
108 0.6118530884808013 0.1993993993993994 0.0 0.0 
29 0.21702838063439064 0.5423423423423424 0.008347245409015025 0.006606606606606606 
