0 0.09515859766277128 0.07027027027027027 0.12103505843071787 0.012012012012012012 
1 0.21953255425709517 0.06966966966966967 0.0659432387312187 0.013213213213213212 
2 0.3363939899833055 0.06906906906906907 0.08514190317195326 0.01021021021021021 
3 0.32220367278797996 0.11651651651651651 0.01335559265442404 0.008408408408408409 
4 0.07429048414023372 0.11711711711711711 0.0 0.0 
5 0.44240400667779634 0.06786786786786787 0.1285475792988314 0.012012012012012012 
6 0.7078464106844741 0.07027027027027027 0.0 0.0 
7 0.5484140233722872 0.0996996996996997 0.36978297161936563 0.013813813813813814 
8 0.13856427378964942 0.17477477477477477 0.08013355592654424 0.012012012012012012 
9 0.14273789649415694 0.1897897897897898 0.09348914858096828 0.015015015015015015 
10 0.18280467445742904 0.209009009009009 0.169449081803005 0.013213213213213212 
11 0.15358931552587646 0.22462462462462462 0.06928213689482471 0.01021021021021021 
12 0.27295492487479134 0.22522522522522523 0.08681135225375626 0.01021021021021021 
13 0.25459098497495825 0.24324324324324326 0.2579298831385643 0.011411411411411412 
14 0.13606010016694492 0.3027027027027027 0.18280467445742904 0.009009009009009009 
15 0.07929883138564274 0.3267267267267267 0.07011686143572621 0.006606606606606606 
16 0.07762938230383973 0.3471471471471472 0.0676126878130217 0.009009009009009009 
17 0.25125208681135225 0.3237237237237237 0.08096828046744574 0.01021021021021021 
18 0.2570951585976628 0.3471471471471472 0.08681135225375626 0.00960960960960961 
19 0.19532554257095158 0.3813813813813814 0.19365609348914858 0.014414414414414415 
20 0.14941569282136896 0.3963963963963964 0.06928213689482471 0.012012012012012012 
21 0.18697829716193656 0.412012012012012 0.08263772954924875 0.011411411411411412 
22 0.25626043405676124 0.439039039039039 0.04257095158597663 0.013813813813813814 
23 0.3347245409015025 0.43963963963963965 0.049248747913188645 0.011411411411411412 
24 0.2879799666110184 0.45705705705705707 0.18697829716193656 0.008408408408408409 
25 0.15191986644407346 0.46846846846846846 0.12020033388981637 0.010810810810810811 
26 0.18280467445742904 0.48348348348348347 0.169449081803005 0.011411411411411412 
27 0.27462437395659434 0.4972972972972973 0.09098497495826377 0.012012012012012012 
28 0.22454090150250416 0.5153153153153153 0.1911519198664441 0.014414414414414415 
29 0.1293823038397329 0.542942942942943 0.0 0.0 
30 0.14607679465776294 0.5717717717717717 0.08931552587646077 0.01021021021021021 
31 0.15358931552587646 0.587987987987988 0.10434056761268781 0.01021021021021021 
32 0.2337228714524207 0.6018018018018018 0.1419031719532554 0.013813813813813814 
33 0.18363939899833054 0.618018018018018 0.164440734557596 0.00960960960960961 
34 0.2629382303839733 0.6324324324324324 0.0659432387312187 0.011411411411411412 
35 0.25626043405676124 0.6492492492492492 0.2637729549248748 0.01021021021021021 
36 0.2328881469115192 0.6654654654654655 0.10767946577629382 0.009009009009009009 
37 0.17529215358931552 0.6804804804804805 0.02337228714524207 0.012012012012012012 
38 0.21869782971619364 0.6966966966966966 0.11519198664440734 0.012012012012012012 
39 0.11352253756260434 0.8666666666666667 0.15025041736227046 0.007207207207207207 
40 0.7470784641068448 0.17477477477477477 0.08514190317195326 0.012012012012012012 
41 0.7278797996661102 0.19099099099099098 0.05175292153589316 0.012012012012012012 
42 0.8080133555926544 0.206006006006006 0.20784641068447413 0.013813813813813814 
43 0.7595993322203672 0.22582582582582583 0.07512520868113523 0.00960960960960961 
44 0.8923205342237062 0.2228228228228228 0.11853088480801335 0.015615615615615615 
45 0.8589315525876461 0.24504504504504504 0.2662771285475793 0.011411411411411412 
46 0.7295492487479132 0.3081081081081081 0.1669449081803005 0.008408408408408409 
47 0.6869782971619366 0.32732732732732733 0.08347245409015025 0.01021021021021021 
48 0.6903171953255426 0.3483483483483483 0.08681135225375626 0.009009009009009009 
49 0.8530884808013356 0.34894894894894896 0.08013355592654424 0.009009009009009009 
50 0.8580968280467446 0.3267267267267267 0.09015025041736227 0.00960960960960961 
51 0.7562604340567612 0.3813813813813814 0.10684474123539232 0.009009009009009009 
52 0.7537562604340567 0.3951951951951952 0.06844741235392321 0.009009009009009009 
53 0.7963272120200334 0.4096096096096096 0.09181969949916527 0.012012012012012012 
54 0.8580968280467446 0.44144144144144143 0.040901502504173626 0.007807807807807808 
55 0.9357262103505843 0.44264264264264264 0.04424040066777963 0.007207207207207207 
56 0.8564273789649416 0.45525525525525523 0.11352253756260434 0.008408408408408409 
57 0.7378964941569283 0.46846846846846846 0.08263772954924875 0.00960960960960961 
58 0.7704507512520868 0.48228228228228226 0.13689482470784642 0.01021021021021021 
59 0.8722871452420701 0.4966966966966967 0.08681135225375626 0.01021021021021021 
60 0.8522537562604341 0.5153153153153153 0.24791318864774625 0.010810810810810811 
61 0.7404006677796328 0.5417417417417417 0.012520868113522538 0.006606606606606606 
61 0.8155258764607679 0.5417417417417417 0.0 0.0 
62 0.7395659432387313 0.5711711711711712 0.07762938230383973 0.01021021021021021 
63 0.7537562604340567 0.5867867867867868 0.10601001669449082 0.010810810810810811 
64 0.8155258764607679 0.6018018018018018 0.11602671118530884 0.012612612612612612 
65 0.7679465776293823 0.6174174174174174 0.12771285475792987 0.012612612612612612 
66 0.8772954924874792 0.633033033033033 0.09515859766277128 0.009009009009009009 
67 0.7996661101836394 0.6498498498498498 0.14357262103505844 0.013213213213213212 
68 0.8505843071786311 0.6648648648648648 0.14106844741235391 0.00960960960960961 
69 0.7879799666110183 0.6798798798798799 0.04257095158597663 0.01021021021021021 
70 0.8138564273789649 0.6948948948948949 0.10684474123539232 0.009009009009009009 
71 0.8881469115191987 0.8636636636636636 0.13772954924874792 0.009009009009009009 
6 0.6268781302170284 0.06846846846846846 0.0 0.0 
3 0.2303839732888147 0.11651651651651651 0.0 0.0 
72 0.15943238731218698 0.11591591591591592 0.0 0.0 
73 0.3831385642737897 0.2018018018018018 0.018363939899833055 0.010810810810810811 
74 0.3781302170283806 0.21561561561561562 0.012520868113522538 0.007207207207207207 
75 0.3806343906510851 0.23963963963963963 0.01335559265442404 0.01021021021021021 
76 0.3823038397328882 0.26006006006006005 0.017529215358931552 0.01021021021021021 
77 0.3739565943238731 0.2894894894894895 0.0 0.0 
78 0.3831385642737897 0.3165165165165165 0.015025041736227046 0.007807807807807808 
79 0.3814691151919866 0.34534534534534533 0.015859766277128547 0.009009009009009009 
80 0.3797996661101836 0.37537537537537535 0.012520868113522538 0.007207207207207207 
81 0.3739565943238731 0.4132132132132132 0.0 0.0 
82 0.3806343906510851 0.44204204204204206 0.01335559265442404 0.007207207207207207 
83 0.3806343906510851 0.46006006006006006 0.012520868113522538 0.009009009009009009 
84 0.3814691151919866 0.47927927927927927 0.015025041736227046 0.009009009009009009 
85 0.38397328881469117 0.4996996996996997 0.02003338898163606 0.010810810810810811 
86 0.3823038397328882 0.5171171171171172 0.01335559265442404 0.009009009009009009 
87 0.3806343906510851 0.5369369369369369 0.01669449081803005 0.012012012012012012 
88 0.3831385642737897 0.5663663663663664 0.018363939899833055 0.010810810810810811 
89 0.37145242070116863 0.5963963963963964 0.0 0.0 
90 0.3739565943238731 0.6264264264264264 0.0 0.0 
91 0.6076794657762938 0.6252252252252253 0.0 0.0 
92 0.6185308848080133 0.5945945945945946 0.015859766277128547 0.011411411411411412 
93 0.6118530884808013 0.5681681681681682 0.0 0.0 
94 0.6101836393989983 0.5399399399399399 0.0 0.0 
95 0.6202003338898163 0.5177177177177177 0.01669449081803005 0.009009009009009009 
96 0.6202003338898163 0.5003003003003003 0.018363939899833055 0.013213213213213212 
97 0.6185308848080133 0.4798798798798799 0.015025041736227046 0.010810810810810811 
98 0.6185308848080133 0.4594594594594595 0.015025041736227046 0.010810810810810811 
99 0.6093489148580968 0.44264264264264264 0.0 0.0 
100 0.6176961602671118 0.4138138138138138 0.015859766277128547 0.009009009009009009 
101 0.6185308848080133 0.37537537537537535 0.01335559265442404 0.00960960960960961 
102 0.6093489148580968 0.34774774774774775 0.0 0.0 
103 0.6185308848080133 0.3171171171171171 0.015025041736227046 0.01021021021021021 
104 0.6101836393989983 0.2894894894894895 0.0 0.0 
105 0.6126878130217028 0.2618618618618619 0.0 0.0 
106 0.6101836393989983 0.24024024024024024 0.0 0.0 
107 0.6093489148580968 0.21561561561561562 0.0 0.0 
108 0.6168614357262103 0.2018018018018018 0.010851419031719533 0.007207207207207207 
29 0.21285475792988315 0.5417417417417417 0.0 0.0 
