0 0.08180300500834725 0.06966966966966967 0.09432387312186978 0.013213213213213212 
1 0.22454090150250416 0.06966966966966967 0.07512520868113523 0.012612612612612612 
2 0.3347245409015025 0.06846846846846846 0.08263772954924875 0.011411411411411412 
3 0.31969949916527546 0.11651651651651651 0.009181969949916527 0.008408408408408409 
4 0.07429048414023372 0.11531531531531532 0.0 0.0 
5 0.41235392320534225 0.06726726726726727 0.06844741235392321 0.012612612612612612 
6 0.7078464106844741 0.06846846846846846 0.0 0.0 
7 0.4657762938230384 0.0996996996996997 0.2036727879799666 0.014414414414414415 
8 0.12604340567612687 0.17477477477477477 0.055926544240400666 0.011411411411411412 
9 0.14106844741235391 0.19099099099099098 0.09098497495826377 0.013213213213213212 
10 0.15442404006677796 0.20960960960960962 0.11185308848080133 0.012012012012012012 
11 0.14607679465776294 0.22462462462462462 0.05425709515859766 0.010810810810810811 
12 0.25125208681135225 0.22402402402402402 0.04424040066777963 0.008408408408408409 
13 0.19365609348914858 0.24204204204204205 0.1352253756260434 0.013813813813813814 
14 0.0709515859766277 0.3033033033033033 0.05175292153589316 0.008408408408408409 
15 0.07429048414023372 0.32552552552552555 0.06093489148580968 0.009009009009009009 
16 0.0709515859766277 0.3471471471471472 0.05342237061769616 0.009009009009009009 
17 0.24123539232053423 0.32432432432432434 0.06093489148580968 0.00960960960960961 
18 0.2328881469115192 0.34654654654654654 0.03923205342237062 0.007807807807807808 
19 0.14440734557595994 0.38198198198198197 0.09181969949916527 0.013213213213213212 
20 0.14440734557595994 0.39579579579579577 0.05926544240400668 0.012612612612612612 
21 0.18196994991652754 0.4114114114114114 0.07178631051752922 0.012612612612612612 
22 0.2579298831385643 0.4402402402402402 0.045075125208681135 0.012012012012012012 
23 0.335559265442404 0.4402402402402402 0.05091819699499165 0.01021021021021021 
24 0.2679465776293823 0.45585585585585586 0.14691151919866444 0.010810810810810811 
25 0.10517529215358931 0.4690690690690691 0.02671118530884808 0.00960960960960961 
26 0.17111853088480802 0.4828828828828829 0.14524207011686144 0.013213213213213212 
27 0.25375626043405675 0.4972972972972973 0.049248747913188645 0.012012012012012012 
28 0.2045075125208681 0.5159159159159159 0.15025041736227046 0.013213213213213212 
29 0.1343906510851419 0.542942942942943 0.01001669449081803 0.008408408408408409 
30 0.12520868113522537 0.5717717717717717 0.04674457429048414 0.010810810810810811 
31 0.1352253756260434 0.5873873873873874 0.0667779632721202 0.011411411411411412 
32 0.20868113522537562 0.6018018018018018 0.09181969949916527 0.013813813813813814 
33 0.1911519198664441 0.6174174174174174 0.17946577629382304 0.01021021021021021 
34 0.25208681135225375 0.6312312312312313 0.04424040066777963 0.009009009009009009 
35 0.1911519198664441 0.648048048048048 0.1335559265442404 0.012012012012012012 
36 0.21702838063439064 0.6642642642642642 0.07512520868113523 0.008408408408408409 
37 0.17612687813021702 0.6810810810810811 0.025041736227045076 0.010810810810810811 
38 0.21953255425709517 0.6966966966966966 0.11686143572621036 0.011411411411411412 
39 0.10767946577629382 0.8648648648648649 0.13939899833055092 0.008408408408408409 
40 0.7646076794657763 0.17477477477477477 0.12103505843071787 0.011411411411411412 
41 0.7320534223706177 0.1915915915915916 0.06093489148580968 0.010810810810810811 
42 0.7904841402337228 0.2066066066066066 0.17195325542570952 0.013213213213213212 
43 0.7554257095158597 0.22402402402402402 0.0667779632721202 0.012612612612612612 
44 0.8722871452420701 0.22342342342342342 0.07929883138564274 0.014414414414414415 
45 0.8021702838063439 0.24264264264264265 0.15191986644407346 0.016216216216216217 
46 0.7136894824707847 0.3063063063063063 0.1352253756260434 0.012012012012012012 
47 0.667779632721202 0.32732732732732733 0.045909849749582635 0.009009009009009009 
48 0.6669449081803005 0.34774774774774775 0.040901502504173626 0.009009009009009009 
49 0.8330550918196995 0.3483483483483483 0.04006677796327212 0.007807807807807808 
50 0.832220367278798 0.32552552552552555 0.03923205342237062 0.008408408408408409 
51 0.7395659432387313 0.38078078078078076 0.07345575959933222 0.010810810810810811 
52 0.7387312186978298 0.3945945945945946 0.03923205342237062 0.01021021021021021 
53 0.7846410684474123 0.4102102102102102 0.06928213689482471 0.01021021021021021 
54 0.8606010016694491 0.44084084084084085 0.045909849749582635 0.009009009009009009 
55 0.9382303839732888 0.43783783783783786 0.048414023372287146 0.016816816816816817 
56 0.8247078464106845 0.4540540540540541 0.05091819699499165 0.01021021021021021 
57 0.7270450751252087 0.46846846846846846 0.06093489148580968 0.00960960960960961 
58 0.7537562604340567 0.48348348348348347 0.10434056761268781 0.008408408408408409 
59 0.8505843071786311 0.4954954954954955 0.04340567612687813 0.012612612612612612 
60 0.7838063439065108 0.5141141141141141 0.11018363939899833 0.013213213213213212 
61 0.7345575959933222 0.5393393393393393 0.0 0.0 
61 0.8196994991652755 0.5423423423423424 0.008347245409015025 0.007207207207207207 
62 0.7454090150250418 0.5717717717717717 0.08848080133555926 0.00960960960960961 
63 0.7404006677796328 0.5861861861861862 0.07846410684474124 0.012012012012012012 
64 0.7988313856427379 0.603003003003003 0.08263772954924875 0.010810810810810811 
65 0.7687813021702838 0.618018018018018 0.1285475792988314 0.012012012012012012 
66 0.8497495826377296 0.6324324324324324 0.040901502504173626 0.009009009009009009 
67 0.8263772954924875 0.6498498498498498 0.19699499165275458 0.012612612612612612 
68 0.8247078464106845 0.6648648648648648 0.08931552587646077 0.00960960960960961 
69 0.7804674457429048 0.6792792792792792 0.02671118530884808 0.011411411411411412 
70 0.7988313856427379 0.6942942942942943 0.07762938230383973 0.01021021021021021 
71 0.8856427378964942 0.8642642642642643 0.1327212020033389 0.008408408408408409 
6 0.6268781302170284 0.06666666666666667 0.0 0.0 
3 0.2328881469115192 0.11651651651651651 0.005843071786310518 0.007807807807807808 
72 0.16193656093489148 0.11711711711711711 0.005008347245409015 0.005405405405405406 
73 0.3739565943238731 0.2012012012012012 0.0 0.0 
74 0.3722871452420701 0.2132132132132132 0.0 0.0 
75 0.3739565943238731 0.23903903903903903 0.0 0.0 
76 0.3781302170283806 0.2606606606606607 0.008347245409015025 0.009009009009009009 
77 0.3739565943238731 0.2876876876876877 0.0 0.0 
78 0.3756260434056761 0.31471471471471474 0.0 0.0 
79 0.3772954924874791 0.34534534534534533 0.007512520868113523 0.00960960960960961 
80 0.3764607679465776 0.3747747747747748 0.005843071786310518 0.007807807807807808 
81 0.3739565943238731 0.4114114114114114 0.0 0.0 
82 0.3739565943238731 0.43963963963963965 0.0 0.0 
83 0.3747913188647746 0.45885885885885885 0.0 0.0 
84 0.3781302170283806 0.47927927927927927 0.008347245409015025 0.009009009009009009 
85 0.3781302170283806 0.4996996996996997 0.008347245409015025 0.010810810810810811 
86 0.3806343906510851 0.5171171171171172 0.01001669449081803 0.007807807807807808 
87 0.3764607679465776 0.5375375375375375 0.008347245409015025 0.010810810810810811 
88 0.3739565943238731 0.5657657657657658 0.0 0.0 
89 0.37145242070116863 0.5945945945945946 0.0 0.0 
90 0.3739565943238731 0.6246246246246246 0.0 0.0 
91 0.6185308848080133 0.6228228228228229 0.021702838063439065 0.012612612612612612 
92 0.6110183639398998 0.5945945945945946 0.0 0.0 
93 0.6118530884808013 0.5663663663663664 0.0 0.0 
94 0.6143572621035058 0.5375375375375375 0.009181969949916527 0.012612612612612612 
95 0.6118530884808013 0.5165165165165165 0.0 0.0 
96 0.6110183639398998 0.5009009009009009 0.0 0.0 
97 0.6110183639398998 0.47927927927927927 0.0 0.0 
98 0.6110183639398998 0.45885885885885885 0.0 0.0 
99 0.6135225375626043 0.44204204204204206 0.008347245409015025 0.009009009009009009 
100 0.6101836393989983 0.4126126126126126 0.0 0.0 
101 0.6118530884808013 0.3741741741741742 0.0 0.0 
102 0.6143572621035058 0.34654654654654654 0.010851419031719533 0.01021021021021021 
103 0.6110183639398998 0.3165165165165165 0.0 0.0 
104 0.6101836393989983 0.2876876876876877 0.0 0.0 
105 0.6126878130217028 0.26006006006006005 0.0 0.0 
106 0.6143572621035058 0.24024024024024024 0.009181969949916527 0.008408408408408409 
107 0.6093489148580968 0.2138138138138138 0.0 0.0 
108 0.6160267111853088 0.2012012012012012 0.009181969949916527 0.006606606606606606 
29 0.21285475792988315 0.5399399399399399 0.0 0.0 
