0 0.08764607679465776 0.06846846846846846 0.10517529215358931 0.010810810810810811 
1 0.22120200333889817 0.06726726726726727 0.06844741235392321 0.01021021021021021 
2 0.3330550918196995 0.06846846846846846 0.07846410684474124 0.01021021021021021 
3 0.32053422370617696 0.11471471471471471 0.01001669449081803 0.006006006006006006 
4 0.08013355592654424 0.11531531531531532 0.012520868113522538 0.006606606606606606 
5 0.44323873121869783 0.06606606606606606 0.1302170283806344 0.01021021021021021 
6 0.7078464106844741 0.07027027027027027 0.0 0.0 
7 0.5550918196994992 0.0990990990990991 0.3823038397328882 0.015015015015015015 
8 0.14357262103505844 0.17417417417417416 0.09015025041736227 0.010810810810810811 
9 0.15275459098497496 0.1885885885885886 0.11352253756260434 0.012612612612612612 
10 0.18864774624373956 0.2078078078078078 0.18113522537562604 0.011411411411411412 
11 0.14691151919866444 0.2228228228228228 0.055926544240400666 0.00960960960960961 
12 0.27378964941569284 0.22402402402402402 0.08931552587646077 0.010810810810810811 
13 0.24207011686143573 0.24264264264264265 0.2328881469115192 0.013213213213213212 
14 0.1010016694490818 0.3027027027027027 0.11268781302170283 0.009009009009009009 
15 0.07262103505843072 0.32552552552552555 0.05759599332220367 0.007207207207207207 
16 0.08096828046744574 0.34654654654654654 0.07429048414023372 0.009009009009009009 
17 0.25041736227045075 0.3237237237237237 0.07846410684474124 0.00960960960960961 
18 0.25125208681135225 0.34594594594594597 0.07512520868113523 0.009009009009009009 
19 0.14691151919866444 0.378978978978979 0.09682804674457429 0.01021021021021021 
20 0.13856427378964942 0.393993993993994 0.04674457429048414 0.00960960960960961 
21 0.17779632721202004 0.4102102102102102 0.06343906510851419 0.009009009009009009 
22 0.2595993322203673 0.43783783783783786 0.048414023372287146 0.00960960960960961 
23 0.330550918196995 0.43783783783783786 0.040901502504173626 0.00960960960960961 
24 0.24123539232053423 0.4540540540540541 0.09348914858096828 0.008408408408408409 
25 0.14524207011686144 0.4678678678678679 0.10767946577629382 0.008408408408408409 
26 0.20617696160267113 0.4816816816816817 0.21619365609348914 0.011411411411411412 
27 0.27629382303839733 0.4960960960960961 0.09432387312186978 0.011411411411411412 
28 0.24123539232053423 0.5159159159159159 0.22454090150250416 0.012612612612612612 
29 0.1293823038397329 0.542942942942943 0.0 0.0 
30 0.14691151919866444 0.5711711711711712 0.09098497495826377 0.009009009009009009 
31 0.14941569282136896 0.5867867867867868 0.09599332220367279 0.009009009009009009 
32 0.21953255425709517 0.6006006006006006 0.11352253756260434 0.010810810810810811 
33 0.17445742904841402 0.6174174174174174 0.14607679465776294 0.01021021021021021 
34 0.27545909849749584 0.6318318318318318 0.09098497495826377 0.010810810810810811 
35 0.17863105175292154 0.6468468468468469 0.10934891485809682 0.00960960960960961 
36 0.21035058430717862 0.6648648648648648 0.06260434056761269 0.01021021021021021 
37 0.17612687813021702 0.6792792792792792 0.02587646076794658 0.008408408408408409 
38 0.21452420701168615 0.6942942942942943 0.10767946577629382 0.01021021021021021 
39 0.10767946577629382 0.8660660660660661 0.13939899833055092 0.008408408408408409 
40 0.7395659432387313 0.17417417417417416 0.07011686143572621 0.01021021021021021 
41 0.7203672787979967 0.1897897897897898 0.037562604340567615 0.010810810810810811 
42 0.7888146911519198 0.20540540540540542 0.169449081803005 0.011411411411411412 
43 0.7520868113522537 0.2222222222222222 0.06093489148580968 0.009009009009009009 
44 0.8889816360601002 0.2228228228228228 0.11268781302170283 0.013213213213213212 
45 0.8380634390651085 0.24504504504504504 0.22370617696160267 0.012012012012012012 
46 0.6911519198664441 0.3057057057057057 0.09015025041736227 0.010810810810810811 
47 0.6786310517529215 0.32732732732732733 0.0667779632721202 0.01021021021021021 
48 0.6719532554257095 0.3471471471471472 0.05091819699499165 0.007807807807807808 
49 0.8539232053422371 0.34774774774774775 0.08180300500834725 0.00960960960960961 
50 0.8480801335559266 0.3249249249249249 0.07011686143572621 0.007807807807807808 
51 0.7495826377295493 0.3801801801801802 0.09432387312186978 0.00960960960960961 
52 0.7353923205342237 0.3933933933933934 0.0325542570951586 0.008408408408408409 
53 0.7729549248747913 0.4078078078078078 0.045075125208681135 0.00960960960960961 
54 0.8589315525876461 0.43843843843843844 0.04257095158597663 0.007807807807807808 
55 0.9390651085141903 0.43843843843843844 0.05091819699499165 0.00960960960960961 
56 0.8514190317195326 0.4540540540540541 0.10350584307178631 0.008408408408408409 
57 0.7228714524207012 0.4666666666666667 0.052587646076794656 0.009009009009009009 
58 0.7904841402337228 0.48228228228228226 0.17779632721202004 0.008408408408408409 
59 0.8747913188647746 0.4954954954954955 0.09181969949916527 0.011411411411411412 
60 0.8397328881469115 0.5141141141141141 0.22203672787979967 0.012612612612612612 
61 0.7345575959933222 0.5411411411411411 0.0 0.0 
61 0.8155258764607679 0.5417417417417417 0.0 0.0 
62 0.7345575959933222 0.5705705705705706 0.0676126878130217 0.008408408408408409 
63 0.7796327212020033 0.5861861861861862 0.15776293823038398 0.011411411411411412 
64 0.8088480801335559 0.6006006006006006 0.1018363939899833 0.00960960960960961 
65 0.8180300500834724 0.6162162162162163 0.2278797996661102 0.01021021021021021 
66 0.8706176961602671 0.6318318318318318 0.08263772954924875 0.01021021021021021 
67 0.7913188647746243 0.648048048048048 0.12771285475792987 0.010810810810810811 
68 0.8280467445742905 0.6636636636636637 0.09515859766277128 0.008408408408408409 
69 0.7821368948247078 0.6780780780780781 0.03005008347245409 0.008408408408408409 
70 0.8138564273789649 0.6930930930930931 0.10684474123539232 0.007807807807807808 
71 0.8814691151919867 0.863063063063063 0.12437395659432388 0.009009009009009009 
6 0.6268781302170284 0.06846846846846846 0.0 0.0 
3 0.2303839732888147 0.11651651651651651 0.0 0.0 
72 0.15943238731218698 0.11591591591591592 0.0 0.0 
73 0.3806343906510851 0.1993993993993994 0.01335559265442404 0.007207207207207207 
74 0.3764607679465776 0.2138138138138138 0.009181969949916527 0.004804804804804805 
75 0.3739565943238731 0.24084084084084084 0.0 0.0 
76 0.3739565943238731 0.26126126126126126 0.0 0.0 
77 0.3739565943238731 0.2894894894894895 0.0 0.0 
78 0.3756260434056761 0.3165165165165165 0.0 0.0 
79 0.3739565943238731 0.34594594594594597 0.0 0.0 
80 0.3739565943238731 0.3747747747747748 0.0 0.0 
81 0.3739565943238731 0.4132132132132132 0.0 0.0 
82 0.3781302170283806 0.4402402402402402 0.009181969949916527 0.005405405405405406 
83 0.3789649415692821 0.45765765765765765 0.009181969949916527 0.005405405405405406 
84 0.3789649415692821 0.4774774774774775 0.01001669449081803 0.006006006006006006 
85 0.3739565943238731 0.5009009009009009 0.0 0.0 
86 0.3806343906510851 0.5159159159159159 0.010851419031719533 0.006006006006006006 
87 0.3722871452420701 0.5387387387387388 0.0 0.0 
88 0.3823038397328882 0.5633633633633633 0.01669449081803005 0.007807807807807808 
89 0.3764607679465776 0.593993993993994 0.010851419031719533 0.006006006006006006 
90 0.3806343906510851 0.6216216216216216 0.01335559265442404 0.008408408408408409 
91 0.6076794657762938 0.6252252252252253 0.0 0.0 
92 0.6176961602671118 0.5921921921921922 0.01335559265442404 0.007807807807807808 
93 0.6176961602671118 0.563963963963964 0.012520868113522538 0.007207207207207207 
94 0.6101836393989983 0.5399399399399399 0.0 0.0 
95 0.6176961602671118 0.5165165165165165 0.012520868113522538 0.006606606606606606 
96 0.6110183639398998 0.5027027027027027 0.0 0.0 
97 0.6168614357262103 0.4774774774774775 0.011686143572621035 0.006606606606606606 
98 0.6110183639398998 0.46066066066066064 0.0 0.0 
99 0.6143572621035058 0.43963963963963965 0.010851419031719533 0.006606606606606606 
100 0.6101836393989983 0.4144144144144144 0.0 0.0 
101 0.6168614357262103 0.37357357357357357 0.010851419031719533 0.006606606606606606 
102 0.6151919866444073 0.34474474474474476 0.012520868113522538 0.007207207207207207 
103 0.6110183639398998 0.3183183183183183 0.0 0.0 
104 0.6168614357262103 0.2876876876876877 0.01335559265442404 0.007207207207207207 
105 0.6126878130217028 0.2618618618618619 0.0 0.0 
106 0.6101836393989983 0.24024024024024024 0.0 0.0 
107 0.6093489148580968 0.21561561561561562 0.0 0.0 
108 0.6118530884808013 0.2012012012012012 0.0 0.0 
29 0.21285475792988315 0.5417417417417417 0.0 0.0 
