0 0.1018363939899833 0.07027027027027027 0.1343906510851419 0.012012012012012012 
1 0.22203672787979967 0.07147147147147147 0.0709515859766277 0.00960960960960961 
2 0.32554257095158595 0.06846846846846846 0.0642737896494157 0.011411411411411412 
3 0.32303839732888145 0.11651651651651651 0.015859766277128547 0.007807807807807808 
4 0.07429048414023372 0.11711711711711711 0.0 0.0 
5 0.4240400667779633 0.06666666666666667 0.09181969949916527 0.011411411411411412 
6 0.7145242070116862 0.06966966966966967 0.01335559265442404 0.00960960960960961 
7 0.5217028380634391 0.1003003003003003 0.31552587646076796 0.012612612612612612 
8 0.12687813021702837 0.17597597597597597 0.05759599332220367 0.00960960960960961 
9 0.1335559265442404 0.19099099099099098 0.07595993322203673 0.012612612612612612 
10 0.16110183639398998 0.209009009009009 0.12604340567612687 0.012612612612612612 
11 0.15358931552587646 0.22462462462462462 0.06928213689482471 0.01021021021021021 
12 0.2612687813021703 0.22402402402402402 0.0642737896494157 0.00960960960960961 
13 0.25041736227045075 0.24204204204204205 0.24874791318864775 0.013813813813813814 
14 0.08848080133555926 0.3027027027027027 0.08681135225375626 0.006606606606606606 
15 0.06928213689482471 0.3261261261261261 0.05008347245409015 0.007807807807807808 
16 0.06844741235392321 0.34774774774774775 0.048414023372287146 0.006006006006006006 
17 0.24207011686143573 0.32432432432432434 0.06176961602671119 0.00960960960960961 
18 0.2378964941569282 0.34774774774774775 0.048414023372287146 0.006006006006006006 
19 0.15609348914858096 0.38198198198198197 0.11602671118530884 0.012612612612612612 
20 0.14607679465776294 0.3963963963963964 0.06176961602671119 0.012012012012012012 
21 0.18113522537562604 0.412012012012012 0.07011686143572621 0.012012012012012012 
22 0.2579298831385643 0.44264264264264264 0.045909849749582635 0.007207207207207207 
23 0.327212020033389 0.43963963963963965 0.0333889816360601 0.012012012012012012 
24 0.2904841402337229 0.45585585585585586 0.19282136894824708 0.010810810810810811 
25 0.12520868113522537 0.46846846846846846 0.0667779632721202 0.010810810810810811 
26 0.17612687813021702 0.48348348348348347 0.15525876460767946 0.011411411411411412 
27 0.2612687813021703 0.4966966966966967 0.0642737896494157 0.011411411411411412 
28 0.21953255425709517 0.5165165165165165 0.18030050083472454 0.012012012012012012 
29 0.1293823038397329 0.542942942942943 0.0 0.0 
30 0.1302170283806344 0.5717717717717717 0.05676126878130217 0.01021021021021021 
31 0.15025041736227046 0.5873873873873874 0.09766277128547579 0.011411411411411412 
32 0.24207011686143573 0.6018018018018018 0.15943238731218698 0.013813813813813814 
33 0.17362270450751252 0.618018018018018 0.14357262103505844 0.009009009009009009 
34 0.2621035058430718 0.6318318318318318 0.0642737896494157 0.01021021021021021 
35 0.2045075125208681 0.6486486486486487 0.16110183639398998 0.010810810810810811 
36 0.21535893155258765 0.6648648648648648 0.07178631051752922 0.01021021021021021 
37 0.18363939899833054 0.6816816816816816 0.040901502504173626 0.009009009009009009 
38 0.22454090150250416 0.6972972972972973 0.12687813021702837 0.010810810810810811 
39 0.11435726210350584 0.8636636636636636 0.15275459098497496 0.01021021021021021 
40 0.7362270450751253 0.17477477477477477 0.0642737896494157 0.011411411411411412 
41 0.7420701168614358 0.19099099099099098 0.08013355592654424 0.011411411411411412 
42 0.7996661101836394 0.2072072072072072 0.1911519198664441 0.012012012012012012 
43 0.7587646076794657 0.22462462462462462 0.07429048414023372 0.012012012012012012 
44 0.8672787979966611 0.2228228228228228 0.06844741235392321 0.010810810810810811 
45 0.845575959933222 0.24204204204204205 0.2387312186978297 0.013813813813813814 
46 0.6986644407345576 0.3063063063063063 0.10601001669449082 0.00960960960960961 
47 0.67779632721202 0.3279279279279279 0.0659432387312187 0.00960960960960961 
48 0.6686143572621035 0.34894894894894896 0.04424040066777963 0.007807807807807808 
49 0.8414023372287145 0.34774774774774775 0.05676126878130217 0.00960960960960961 
50 0.8522537562604341 0.3267267267267267 0.07929883138564274 0.00960960960960961 
51 0.7328881469115192 0.3801801801801802 0.06010016694490818 0.011411411411411412 
52 0.7495826377295493 0.3945945945945946 0.06093489148580968 0.01021021021021021 
53 0.7938230383973289 0.4096096096096096 0.08681135225375626 0.011411411411411412 
54 0.8580968280467446 0.4402402402402402 0.040901502504173626 0.01021021021021021 
55 0.9348914858096828 0.44144144144144143 0.04257095158597663 0.00960960960960961 
56 0.8464106844741235 0.45465465465465466 0.09348914858096828 0.009009009009009009 
57 0.7186978297161937 0.46846846846846846 0.04424040066777963 0.00960960960960961 
58 0.7404006677796328 0.4828828828828829 0.07762938230383973 0.008408408408408409 
59 0.8606010016694491 0.4960960960960961 0.0642737896494157 0.007807807807807808 
60 0.820534223706177 0.5147147147147147 0.18363939899833054 0.010810810810810811 
61 0.7345575959933222 0.5411411411411411 0.0 0.0 
61 0.82220367278798 0.5423423423423424 0.01335559265442404 0.007207207207207207 
62 0.7353923205342237 0.5717717717717717 0.06928213689482471 0.00960960960960961 
63 0.7270450751252087 0.5861861861861862 0.052587646076794656 0.011411411411411412 
64 0.8130217028380634 0.6024024024024024 0.11018363939899833 0.012012012012012012 
65 0.7946577629382304 0.6174174174174174 0.18030050083472454 0.012612612612612612 
66 0.8555926544240401 0.633033033033033 0.05175292153589316 0.009009009009009009 
67 0.8247078464106845 0.6504504504504505 0.19365609348914858 0.00960960960960961 
68 0.8313856427378965 0.6648648648648648 0.10267111853088481 0.00960960960960961 
69 0.7854757929883138 0.6792792792792792 0.037562604340567615 0.012012012012012012 
70 0.8063439065108514 0.6942942942942943 0.09181969949916527 0.01021021021021021 
71 0.8923205342237062 0.8636636636636636 0.14607679465776294 0.00960960960960961 
6 0.6268781302170284 0.06846846846846846 0.0 0.0 
3 0.2353923205342237 0.11651651651651651 0.010851419031719533 0.007807807807807808 
72 0.15943238731218698 0.11591591591591592 0.0 0.0 
73 0.3739565943238731 0.203003003003003 0.0 0.0 
74 0.3772954924874791 0.21561561561561562 0.010851419031719533 0.007207207207207207 
75 0.3823038397328882 0.24024024024024024 0.01669449081803005 0.009009009009009009 
76 0.3814691151919866 0.26006006006006005 0.015025041736227046 0.010810810810810811 
77 0.3823038397328882 0.28888888888888886 0.017529215358931552 0.009009009009009009 
78 0.3756260434056761 0.3165165165165165 0.0 0.0 
79 0.3739565943238731 0.34594594594594597 0.0 0.0 
80 0.3739565943238731 0.3747747747747748 0.0 0.0 
81 0.3739565943238731 0.4132132132132132 0.0 0.0 
82 0.3739565943238731 0.44144144144144143 0.0 0.0 
83 0.3814691151919866 0.46066066066066064 0.014190317195325543 0.007807807807807808 
84 0.3739565943238731 0.4798798798798799 0.0 0.0 
85 0.3739565943238731 0.5009009009009009 0.0 0.0 
86 0.3814691151919866 0.5177177177177177 0.012520868113522538 0.008408408408408409 
87 0.3722871452420701 0.5387387387387388 0.0 0.0 
88 0.3739565943238731 0.5675675675675675 0.0 0.0 
89 0.3781302170283806 0.5957957957957958 0.01335559265442404 0.00960960960960961 
90 0.3739565943238731 0.6264264264264264 0.0 0.0 
91 0.6076794657762938 0.6252252252252253 0.0 0.0 
92 0.6110183639398998 0.5963963963963964 0.0 0.0 
93 0.6210350584307178 0.5669669669669669 0.018363939899833055 0.010810810810810811 
94 0.6101836393989983 0.5399399399399399 0.0 0.0 
95 0.6185308848080133 0.5177177177177177 0.01335559265442404 0.00960960960960961 
96 0.6110183639398998 0.5027027027027027 0.0 0.0 
97 0.6185308848080133 0.4798798798798799 0.015025041736227046 0.01021021021021021 
98 0.6202003338898163 0.46006006006006006 0.019198664440734557 0.00960960960960961 
99 0.6093489148580968 0.44264264264264264 0.0 0.0 
100 0.6168614357262103 0.4132132132132132 0.01335559265442404 0.01021021021021021 
101 0.6185308848080133 0.37537537537537535 0.01335559265442404 0.00960960960960961 
102 0.6093489148580968 0.34774774774774775 0.0 0.0 
103 0.6185308848080133 0.3171171171171171 0.015025041736227046 0.010810810810810811 
104 0.6185308848080133 0.2882882882882883 0.01669449081803005 0.01021021021021021 
105 0.6193656093489148 0.2606606606606607 0.014190317195325543 0.01021021021021021 
106 0.6176961602671118 0.24024024024024024 0.015025041736227046 0.007807807807807808 
107 0.6093489148580968 0.21561561561561562 0.0 0.0 
108 0.6118530884808013 0.2012012012012012 0.0 0.0 
29 0.21285475792988315 0.5417417417417417 0.0 0.0 
