0 0.08096828046744574 0.06966966966966967 0.09265442404006678 0.012612612612612612 
1 0.22370617696160267 0.06906906906906907 0.07429048414023372 0.014414414414414415 
2 0.3347245409015025 0.06846846846846846 0.08180300500834725 0.009009009009009009 
3 0.31552587646076796 0.11651651651651651 0.0 0.0 
4 0.07429048414023372 0.11711711711711711 0.0 0.0 
5 0.4732888146911519 0.06666666666666667 0.1911519198664441 0.012012012012012012 
6 0.7078464106844741 0.07027027027027027 0.0 0.0 
7 0.5984974958263773 0.0990990990990991 0.4699499165275459 0.015015015015015015 
8 0.14106844741235391 0.17477477477477477 0.08514190317195326 0.012012012012012012 
9 0.164440734557596 0.1897897897897898 0.13772954924874792 0.014414414414414415 
10 0.20951585976627712 0.2084084084084084 0.22203672787979967 0.012612612612612612 
11 0.15525876460767946 0.22402402402402402 0.07178631051752922 0.011411411411411412 
12 0.27796327212020033 0.22342342342342342 0.09766277128547579 0.011411411411411412 
13 0.20784641068447413 0.24204204204204205 0.1636060100166945 0.013813813813813814 
14 0.11519198664440734 0.3033033033033033 0.14023372287145242 0.006606606606606606 
15 0.07679465776293823 0.3261261261261261 0.0659432387312187 0.008408408408408409 
16 0.08430717863105175 0.3471471471471472 0.08013355592654424 0.00960960960960961 
17 0.25125208681135225 0.3237237237237237 0.08013355592654424 0.01021021021021021 
18 0.25292153589315525 0.34654654654654654 0.07929883138564274 0.009009009009009009 
19 0.15859766277128548 0.38078078078078076 0.12103505843071787 0.012612612612612612 
20 0.13939899833055092 0.3951951951951952 0.049248747913188645 0.012612612612612612 
21 0.17863105175292154 0.412012012012012 0.0651085141903172 0.012012012012012012 
22 0.2595993322203673 0.44084084084084085 0.048414023372287146 0.010810810810810811 
23 0.3280467445742905 0.439039039039039 0.03589315525876461 0.013213213213213212 
24 0.2637729549248748 0.45525525525525523 0.13939899833055092 0.012012012012012012 
25 0.15776293823038398 0.4678678678678679 0.1318864774624374 0.00960960960960961 
26 0.17445742904841402 0.4828828828828829 0.15191986644407346 0.013213213213213212 
27 0.28046744574290483 0.4960960960960961 0.1018363939899833 0.011411411411411412 
28 0.2378964941569282 0.518918918918919 0.21786310517529214 0.007207207207207207 
29 0.13689482470784642 0.5423423423423424 0.015859766277128547 0.009009009009009009 
30 0.1302170283806344 0.5705705705705706 0.05676126878130217 0.009009009009009009 
31 0.1343906510851419 0.5867867867867868 0.0651085141903172 0.00960960960960961 
32 0.21202003338898165 0.6024024024024024 0.09849749582637729 0.013213213213213212 
33 0.21368948247078465 0.6174174174174174 0.22454090150250416 0.00960960960960961 
34 0.2904841402337229 0.6312312312312313 0.12020033388981637 0.012012012012012012 
35 0.24040066777963273 0.6504504504504505 0.23205342237061768 0.008408408408408409 
36 0.2270450751252087 0.6648648648648648 0.09515859766277128 0.01021021021021021 
37 0.18113522537562604 0.6804804804804805 0.035058430717863104 0.012012012012012012 
38 0.21535893155258765 0.6960960960960961 0.10851419031719532 0.013213213213213212 
39 0.10767946577629382 0.8660660660660661 0.13939899833055092 0.006606606606606606 
40 0.7412353923205343 0.1735735735735736 0.07429048414023372 0.01021021021021021 
41 0.7587646076794657 0.19099099099099098 0.11352253756260434 0.012012012012012012 
42 0.7838063439065108 0.2072072072072072 0.15943238731218698 0.012012012012012012 
43 0.7595993322203672 0.22462462462462462 0.07595993322203673 0.012012012012012012 
44 0.8923205342237062 0.22162162162162163 0.11853088480801335 0.013813813813813814 
45 0.8414023372287145 0.24564564564564564 0.2303839732888147 0.010810810810810811 
46 0.7061769616026711 0.3057057057057057 0.12020033388981637 0.010810810810810811 
47 0.6878130217028381 0.3267267267267267 0.08514190317195326 0.011411411411411412 
48 0.6861435726210351 0.34774774774774775 0.07846410684474124 0.00960960960960961 
49 0.8397328881469115 0.3471471471471472 0.05342237061769616 0.00960960960960961 
50 0.8522537562604341 0.3261261261261261 0.07846410684474124 0.01021021021021021 
51 0.7554257095158597 0.3801801801801802 0.10601001669449082 0.01021021021021021 
52 0.7412353923205343 0.393993993993994 0.04340567612687813 0.00960960960960961 
53 0.7762938230383973 0.4096096096096096 0.05175292153589316 0.011411411411411412 
54 0.8606010016694491 0.43963963963963965 0.045075125208681135 0.012012012012012012 
55 0.9382303839732888 0.43723723723723723 0.049248747913188645 0.017417417417417418 
56 0.8797996661101837 0.45645645645645644 0.16026711185308848 0.005405405405405406 
57 0.7595993322203672 0.4678678678678679 0.12604340567612687 0.00960960960960961 
58 0.8071786310517529 0.48228228228228226 0.21035058430717862 0.01021021021021021 
59 0.8789649415692822 0.4948948948948949 0.1010016694490818 0.011411411411411412 
60 0.83889816360601 0.5171171171171172 0.22120200333889817 0.007207207207207207 
61 0.7387312186978298 0.5417417417417417 0.009181969949916527 0.006006006006006006 
61 0.8213689482470785 0.5423423423423424 0.011686143572621035 0.007207207207207207 
62 0.7570951585976627 0.5711711711711712 0.11268781302170283 0.00960960960960961 
63 0.7662771285475793 0.5855855855855856 0.1302170283806344 0.011411411411411412 
64 0.8038397328881469 0.6024024024024024 0.09265442404006678 0.012012012012012012 
65 0.8038397328881469 0.618018018018018 0.1994991652754591 0.012012012012012012 
66 0.8772954924874792 0.633033033033033 0.09515859766277128 0.00960960960960961 
67 0.7938230383973289 0.6498498498498498 0.1327212020033389 0.013213213213213212 
68 0.827212020033389 0.6642642642642642 0.09432387312186978 0.00960960960960961 
69 0.7813021702838063 0.6786786786786787 0.02921535893155259 0.00960960960960961 
70 0.8063439065108514 0.6942942942942943 0.09265442404006678 0.01021021021021021 
71 0.8914858096828047 0.8648648648648649 0.14357262103505844 0.006606606606606606 
6 0.6318864774624374 0.06906906906906907 0.01001669449081803 0.006006006006006006 
3 0.2303839732888147 0.11651651651651651 0.0 0.0 
72 0.1636060100166945 0.11651651651651651 0.009181969949916527 0.005405405405405406 
73 0.3814691151919866 0.2006006006006006 0.015025041736227046 0.00960960960960961 
74 0.3722871452420701 0.21501501501501502 0.0 0.0 
75 0.3739565943238731 0.24084084084084084 0.0 0.0 
76 0.3806343906510851 0.26006006006006005 0.014190317195325543 0.009009009009009009 
77 0.3814691151919866 0.2882882882882883 0.015025041736227046 0.00960960960960961 
78 0.3756260434056761 0.3165165165165165 0.0 0.0 
79 0.3739565943238731 0.34594594594594597 0.0 0.0 
80 0.3739565943238731 0.3747747747747748 0.0 0.0 
81 0.3814691151919866 0.412012012012012 0.015859766277128547 0.00960960960960961 
82 0.3739565943238731 0.44144144144144143 0.0 0.0 
83 0.3814691151919866 0.4594594594594595 0.014190317195325543 0.009009009009009009 
84 0.3739565943238731 0.4798798798798799 0.0 0.0 
85 0.3739565943238731 0.5009009009009009 0.0 0.0 
86 0.3823038397328882 0.5165165165165165 0.01335559265442404 0.007807807807807808 
87 0.3722871452420701 0.5387387387387388 0.0 0.0 
88 0.3806343906510851 0.5651651651651651 0.014190317195325543 0.00960960960960961 
89 0.37145242070116863 0.5963963963963964 0.0 0.0 
90 0.3823038397328882 0.6276276276276276 0.017529215358931552 0.006006006006006006 
91 0.6076794657762938 0.6252252252252253 0.0 0.0 
92 0.6110183639398998 0.5963963963963964 0.0 0.0 
93 0.6118530884808013 0.5681681681681682 0.0 0.0 
94 0.6101836393989983 0.5399399399399399 0.0 0.0 
95 0.6185308848080133 0.5177177177177177 0.01335559265442404 0.008408408408408409 
96 0.6110183639398998 0.5027027027027027 0.0 0.0 
97 0.6110183639398998 0.4810810810810811 0.0 0.0 
98 0.6193656093489148 0.45885885885885885 0.01669449081803005 0.01021021021021021 
99 0.6093489148580968 0.44264264264264264 0.0 0.0 
100 0.6168614357262103 0.4132132132132132 0.014190317195325543 0.008408408408408409 
101 0.6118530884808013 0.375975975975976 0.0 0.0 
102 0.6093489148580968 0.34774774774774775 0.0 0.0 
103 0.6110183639398998 0.3183183183183183 0.0 0.0 
104 0.6176961602671118 0.2882882882882883 0.015025041736227046 0.00960960960960961 
105 0.6193656093489148 0.26006006006006005 0.014190317195325543 0.008408408408408409 
106 0.6168614357262103 0.23963963963963963 0.014190317195325543 0.009009009009009009 
107 0.6093489148580968 0.21561561561561562 0.0 0.0 
108 0.6168614357262103 0.2006006006006006 0.010851419031719533 0.006606606606606606 
29 0.21285475792988315 0.5417417417417417 0.0 0.0 
