0 0.07679465776293823 0.06846846846846846 0.08347245409015025 0.010810810810810811 
1 0.21202003338898165 0.06726726726726727 0.05008347245409015 0.010810810810810811 
2 0.32554257095158595 0.06846846846846846 0.0642737896494157 0.012012012012012012 
3 0.32053422370617696 0.11531531531531532 0.010851419031719533 0.007207207207207207 
4 0.07429048414023372 0.11711711711711711 0.0 0.0 
5 0.42070116861435725 0.06666666666666667 0.08514190317195326 0.011411411411411412 
6 0.7078464106844741 0.07027027027027027 0.0 0.0 
7 0.496661101836394 0.0984984984984985 0.2654424040066778 0.013813813813813814 
8 0.1310517529215359 0.17417417417417416 0.0651085141903172 0.00960960960960961 
9 0.14858096828046743 0.1897897897897898 0.10517529215358931 0.013213213213213212 
10 0.17111853088480802 0.209009009009009 0.14524207011686144 0.013213213213213212 
11 0.13772954924874792 0.2228228228228228 0.03672787979966611 0.008408408408408409 
12 0.2629382303839733 0.22402402402402402 0.0676126878130217 0.012612612612612612 
13 0.2303839732888147 0.24204204204204205 0.20951585976627712 0.014414414414414415 
14 0.11519198664440734 0.3033033033033033 0.14106844741235391 0.007807807807807808 
15 0.0667779632721202 0.3249249249249249 0.045075125208681135 0.006606606606606606 
16 0.08681135225375626 0.34654654654654654 0.08597662771285476 0.00960960960960961 
17 0.24540901502504173 0.32312312312312313 0.06844741235392321 0.009009009009009009 
18 0.24040066777963273 0.34654654654654654 0.05425709515859766 0.01021021021021021 
19 0.167779632721202 0.3813813813813814 0.13856427378964942 0.013813813813813814 
20 0.1310517529215359 0.393993993993994 0.0325542570951586 0.00960960960960961 
21 0.1652754590984975 0.4102102102102102 0.03923205342237062 0.00960960960960961 
22 0.25125208681135225 0.43723723723723723 0.03171953255425709 0.011411411411411412 
23 0.327212020033389 0.43783783783783786 0.0333889816360601 0.00960960960960961 
24 0.21619365609348914 0.45465465465465466 0.04340567612687813 0.00960960960960961 
25 0.10684474123539232 0.46726726726726725 0.03005008347245409 0.009009009009009009 
26 0.17028380634390652 0.48228228228228226 0.14357262103505844 0.012612612612612612 
27 0.2637729549248748 0.4966966966966967 0.06844741235392321 0.013213213213213212 
28 0.17696160267111852 0.5135135135135135 0.09515859766277128 0.011411411411411412 
29 0.1343906510851419 0.5411411411411411 0.01001669449081803 0.007207207207207207 
30 0.1318864774624374 0.5705705705705706 0.06093489148580968 0.00960960960960961 
31 0.14357262103505844 0.5861861861861862 0.08430717863105175 0.01021021021021021 
32 0.20534223706176963 0.6006006006006006 0.08514190317195326 0.011411411411411412 
33 0.1652754590984975 0.6174174174174174 0.12687813021702837 0.01021021021021021 
34 0.2621035058430718 0.6324324324324324 0.06343906510851419 0.012012012012012012 
35 0.164440734557596 0.6468468468468469 0.08096828046744574 0.009009009009009009 
36 0.20951585976627712 0.6648648648648648 0.06093489148580968 0.010810810810810811 
37 0.17028380634390652 0.6798798798798799 0.014190317195325543 0.011411411411411412 
38 0.20534223706176963 0.6948948948948949 0.08848080133555926 0.010810810810810811 
39 0.10684474123539232 0.8648648648648649 0.13772954924874792 0.01021021021021021 
40 0.7437395659432388 0.17417417417417416 0.07846410684474124 0.01021021021021021 
41 0.7353923205342237 0.1897897897897898 0.0667779632721202 0.01021021021021021 
42 0.7996661101836394 0.206006006006006 0.1911519198664441 0.013813813813813814 
43 0.7420701168614358 0.2222222222222222 0.04006677796327212 0.01021021021021021 
44 0.8739565943238731 0.2228228228228228 0.08263772954924875 0.015015015015015015 
45 0.7729549248747913 0.24084084084084084 0.09348914858096828 0.012612612612612612 
46 0.7111853088480802 0.3045045045045045 0.1302170283806344 0.01021021021021021 
47 0.6719532554257095 0.3267267267267267 0.05342237061769616 0.011411411411411412 
48 0.6736227045075125 0.3483483483483483 0.05342237061769616 0.00960960960960961 
49 0.8514190317195326 0.3471471471471472 0.07762938230383973 0.00960960960960961 
50 0.837228714524207 0.3267267267267267 0.048414023372287146 0.00960960960960961 
51 0.7253756260434057 0.3801801801801802 0.045909849749582635 0.009009009009009009 
52 0.7328881469115192 0.3933933933933934 0.02671118530884808 0.007807807807807808 
53 0.7721202003338898 0.4078078078078078 0.04424040066777963 0.00960960960960961 
54 0.8572621035058431 0.4348348348348348 0.038397328881469114 0.013213213213213212 
55 0.9373956594323873 0.43543543543543545 0.04757929883138564 0.011411411411411412 
56 0.8430717863105175 0.4540540540540541 0.08681135225375626 0.009009009009009009 
57 0.7470784641068448 0.4678678678678679 0.1010016694490818 0.01021021021021021 
58 0.7604340567612687 0.4816816816816817 0.11769616026711185 0.008408408408408409 
59 0.8606010016694491 0.4960960960960961 0.0642737896494157 0.012012012012012012 
60 0.8397328881469115 0.5135135135135135 0.22203672787979967 0.013813813813813814 
61 0.7345575959933222 0.5411411411411411 0.0 0.0 
61 0.8155258764607679 0.5417417417417417 0.0 0.0 
62 0.7454090150250418 0.5705705705705706 0.08931552587646077 0.01021021021021021 
63 0.7253756260434057 0.584984984984985 0.049248747913188645 0.00960960960960961 
64 0.7921535893155259 0.6006006006006006 0.06928213689482471 0.01021021021021021 
65 0.7896494156928213 0.6174174174174174 0.17028380634390652 0.012612612612612612 
66 0.8530884808013356 0.6318318318318318 0.04674457429048414 0.01021021021021021 
67 0.7704507512520868 0.648048048048048 0.08597662771285476 0.01021021021021021 
68 0.8121869782971619 0.6630630630630631 0.06343906510851419 0.007807807807807808 
69 0.7762938230383973 0.6786786786786787 0.019198664440734557 0.011411411411411412 
70 0.7954924874791319 0.6936936936936937 0.0709515859766277 0.008408408408408409 
71 0.8889816360601002 0.8660660660660661 0.13939899833055092 0.004204204204204204 
6 0.6310517529215359 0.06786786786786787 0.008347245409015025 0.005405405405405406 
3 0.2345575959933222 0.11591591591591592 0.009181969949916527 0.006006006006006006 
72 0.16277128547579298 0.11651651651651651 0.007512520868113523 0.004804804804804805 
73 0.3739565943238731 0.203003003003003 0.0 0.0 
74 0.3722871452420701 0.21501501501501502 0.0 0.0 
75 0.3797996661101836 0.23843843843843843 0.012520868113522538 0.007207207207207207 
76 0.3806343906510851 0.25825825825825827 0.01335559265442404 0.007807807807807808 
77 0.3789649415692821 0.2870870870870871 0.01001669449081803 0.007807807807807808 
78 0.3806343906510851 0.3159159159159159 0.01001669449081803 0.006006006006006006 
79 0.3789649415692821 0.3441441441441441 0.01001669449081803 0.007207207207207207 
80 0.3781302170283806 0.3741741741741742 0.009181969949916527 0.006006006006006006 
81 0.3789649415692821 0.4102102102102102 0.010851419031719533 0.007807807807807808 
82 0.3781302170283806 0.44084084084084085 0.008347245409015025 0.006006006006006006 
83 0.3747913188647746 0.46066066066066064 0.0 0.0 
84 0.3739565943238731 0.4798798798798799 0.0 0.0 
85 0.3797996661101836 0.4972972972972973 0.012520868113522538 0.009009009009009009 
86 0.3797996661101836 0.5165165165165165 0.008347245409015025 0.007207207207207207 
87 0.3722871452420701 0.5387387387387388 0.0 0.0 
88 0.3739565943238731 0.5675675675675675 0.0 0.0 
89 0.37145242070116863 0.5963963963963964 0.0 0.0 
90 0.3739565943238731 0.6264264264264264 0.0 0.0 
91 0.6135225375626043 0.621021021021021 0.011686143572621035 0.01021021021021021 
92 0.6176961602671118 0.5921921921921922 0.014190317195325543 0.009009009009009009 
93 0.6176961602671118 0.5645645645645646 0.011686143572621035 0.009009009009009009 
94 0.6168614357262103 0.5375375375375375 0.014190317195325543 0.00960960960960961 
95 0.6168614357262103 0.5165165165165165 0.01001669449081803 0.007207207207207207 
96 0.6110183639398998 0.5027027027027027 0.0 0.0 
97 0.6168614357262103 0.4786786786786787 0.011686143572621035 0.008408408408408409 
98 0.6110183639398998 0.46066066066066064 0.0 0.0 
99 0.6093489148580968 0.44264264264264264 0.0 0.0 
100 0.6101836393989983 0.4144144144144144 0.0 0.0 
101 0.6160267111853088 0.3741741741741742 0.009181969949916527 0.007207207207207207 
102 0.6093489148580968 0.34774774774774775 0.0 0.0 
103 0.6110183639398998 0.3183183183183183 0.0 0.0 
104 0.6160267111853088 0.2870870870870871 0.011686143572621035 0.007807807807807808 
105 0.6126878130217028 0.2618618618618619 0.0 0.0 
106 0.6143572621035058 0.23903903903903903 0.008347245409015025 0.007207207207207207 
107 0.6093489148580968 0.21561561561561562 0.0 0.0 
108 0.6168614357262103 0.2006006006006006 0.01001669449081803 0.006006006006006006 
29 0.21285475792988315 0.5417417417417417 0.0 0.0 
