0 0.10350584307178631 0.07087087087087086 0.13689482470784642 0.010810810810810811 
1 0.22203672787979967 0.06966966966966967 0.0709515859766277 0.012612612612612612 
2 0.32554257095158595 0.06906906906906907 0.0642737896494157 0.010810810810810811 
3 0.32303839732888145 0.11651651651651651 0.015859766277128547 0.007807807807807808 
4 0.07429048414023372 0.11711711711711711 0.0 0.0 
5 0.42153589315525875 0.06786786786786787 0.08681135225375626 0.012012012012012012 
6 0.7078464106844741 0.07027027027027027 0.0 0.0 
7 0.5058430717863105 0.1003003003003003 0.2846410684474123 0.013213213213213212 
8 0.1419031719532554 0.17597597597597597 0.08681135225375626 0.00960960960960961 
9 0.13772954924874792 0.19039039039039038 0.08347245409015025 0.013813813813813814 
10 0.2011686143572621 0.20960960960960962 0.20534223706176963 0.012012012012012012 
11 0.15108514190317196 0.22462462462462462 0.0642737896494157 0.01021021021021021 
12 0.27295492487479134 0.22522522522522523 0.08681135225375626 0.01021021021021021 
13 0.21452420701168615 0.24204204204204205 0.17696160267111852 0.013813813813813814 
14 0.10851419031719532 0.3027027027027027 0.12771285475792987 0.009009009009009009 
15 0.08347245409015025 0.3261261261261261 0.07846410684474124 0.008408408408408409 
16 0.07178631051752922 0.3471471471471472 0.055926544240400666 0.009009009009009009 
17 0.2587646076794658 0.3249249249249249 0.09599332220367279 0.008408408408408409 
18 0.25626043405676124 0.3471471471471472 0.08597662771285476 0.00960960960960961 
19 0.18530884808013356 0.38198198198198197 0.17362270450751252 0.013213213213213212 
20 0.14357262103505844 0.3963963963963964 0.05676126878130217 0.012012012012012012 
21 0.18030050083472454 0.412012012012012 0.06928213689482471 0.012012012012012012 
22 0.2570951585976628 0.44264264264264264 0.04424040066777963 0.006606606606606606 
23 0.3330550918196995 0.44084084084084085 0.045909849749582635 0.00960960960960961 
24 0.2896494156928214 0.45585585585585586 0.1911519198664441 0.01021021021021021 
25 0.1343906510851419 0.46846846846846846 0.08597662771285476 0.01021021021021021 
26 0.1686143572621035 0.48348348348348347 0.14023372287145242 0.012012012012012012 
27 0.2621035058430718 0.4972972972972973 0.0651085141903172 0.011411411411411412 
28 0.25292153589315525 0.5165165165165165 0.24791318864774625 0.011411411411411412 
29 0.13689482470784642 0.542942942942943 0.015025041736227046 0.007807807807807808 
30 0.18030050083472454 0.5723723723723724 0.15692821368948248 0.009009009009009009 
31 0.15358931552587646 0.5891891891891892 0.10434056761268781 0.008408408408408409 
32 0.21702838063439064 0.603003003003003 0.10934891485809682 0.011411411411411412 
33 0.16026711185308848 0.6174174174174174 0.11686143572621036 0.01021021021021021 
34 0.27378964941569284 0.633033033033033 0.08764607679465776 0.01021021021021021 
35 0.25459098497495825 0.6492492492492492 0.2612687813021703 0.010810810810810811 
36 0.2387312186978297 0.6654654654654655 0.11853088480801335 0.009009009009009009 
37 0.17195325542570952 0.6804804804804805 0.01669449081803005 0.012012012012012012 
38 0.22203672787979967 0.6966966966966966 0.12186978297161936 0.012012012012012012 
39 0.11936560934891485 0.8672672672672672 0.16277128547579298 0.005405405405405406 
40 0.7570951585976627 0.17537537537537537 0.10517529215358931 0.010810810810810811 
41 0.7512520868113522 0.19099099099099098 0.09849749582637729 0.011411411411411412 
42 0.7746243739565943 0.2066066066066066 0.14023372287145242 0.012612612612612612 
43 0.7587646076794657 0.22462462462462462 0.07345575959933222 0.012012012012012012 
44 0.8864774624373957 0.2228228228228228 0.10767946577629382 0.015015015015015015 
45 0.8247078464106845 0.24324324324324326 0.19699499165275458 0.015615615615615615 
46 0.7345575959933222 0.3081081081081081 0.17696160267111852 0.008408408408408409 
47 0.6836393989983306 0.3267267267267267 0.07762938230383973 0.011411411411411412 
48 0.6811352253756261 0.3483483483483483 0.06928213689482471 0.00960960960960961 
49 0.8522537562604341 0.3483483483483483 0.07846410684474124 0.010810810810810811 
50 0.8564273789649416 0.3267267267267267 0.08681135225375626 0.00960960960960961 
51 0.7938230383973289 0.38078078078078076 0.18280467445742904 0.01021021021021021 
52 0.7429048414023373 0.3951951951951952 0.04674457429048414 0.00960960960960961 
53 0.7829716193656093 0.4096096096096096 0.0659432387312187 0.012012012012012012 
54 0.8589315525876461 0.44204204204204206 0.04257095158597663 0.007207207207207207 
55 0.9365609348914858 0.44204204204204206 0.045075125208681135 0.007807807807807808 
56 0.8923205342237062 0.45465465465465466 0.18530884808013356 0.009009009009009009 
57 0.7278797996661102 0.4678678678678679 0.06260434056761269 0.01021021021021021 
58 0.7838063439065108 0.48228228228228226 0.1636060100166945 0.01021021021021021 
59 0.8722871452420701 0.4966966966966967 0.08681135225375626 0.01021021021021021 
60 0.8564273789649416 0.5141141141141141 0.25542570951585974 0.012612612612612612 
61 0.7345575959933222 0.5411411411411411 0.0 0.0 
61 0.820534223706177 0.5417417417417417 0.010851419031719533 0.007807807807807808 
62 0.7504173622704507 0.5717717717717717 0.0993322203672788 0.009009009009009009 
63 0.7495826377295493 0.5861861861861862 0.09682804674457429 0.012012012012012012 
64 0.820534223706177 0.6024024024024024 0.12604340567612687 0.012012012012012012 
65 0.7687813021702838 0.6174174174174174 0.1285475792988314 0.012612612612612612 
66 0.8731218697829716 0.6324324324324324 0.08764607679465776 0.01021021021021021 
67 0.8681135225375626 0.6510510510510511 0.28130217028380633 0.01021021021021021 
68 0.827212020033389 0.6648648648648648 0.09348914858096828 0.00960960960960961 
69 0.7737896494156928 0.6798798798798799 0.014190317195325543 0.01021021021021021 
70 0.8105175292153589 0.6954954954954955 0.1010016694490818 0.008408408408408409 
71 0.9006677796327212 0.8654654654654654 0.16193656093489148 0.005405405405405406 
6 0.6268781302170284 0.06846846846846846 0.0 0.0 
3 0.2303839732888147 0.11651651651651651 0.0 0.0 
72 0.1636060100166945 0.11711711711711711 0.008347245409015025 0.006006006006006006 
73 0.3739565943238731 0.203003003003003 0.0 0.0 
74 0.3781302170283806 0.21561561561561562 0.012520868113522538 0.007207207207207207 
75 0.3806343906510851 0.23963963963963963 0.01335559265442404 0.01021021021021021 
76 0.3814691151919866 0.26006006006006005 0.015025041736227046 0.010810810810810811 
77 0.3806343906510851 0.28888888888888886 0.01335559265442404 0.00960960960960961 
78 0.3756260434056761 0.3165165165165165 0.0 0.0 
79 0.3814691151919866 0.34534534534534533 0.015025041736227046 0.00960960960960961 
80 0.3789649415692821 0.3747747747747748 0.010851419031719533 0.007807807807807808 
81 0.3823038397328882 0.412012012012012 0.017529215358931552 0.01021021021021021 
82 0.3797996661101836 0.44204204204204206 0.012520868113522538 0.007207207207207207 
83 0.3823038397328882 0.46066066066066064 0.015859766277128547 0.007807807807807808 
84 0.3806343906510851 0.47927927927927927 0.01335559265442404 0.00960960960960961 
85 0.3739565943238731 0.5009009009009009 0.0 0.0 
86 0.3756260434056761 0.5177177177177177 0.0 0.0 
87 0.3722871452420701 0.5387387387387388 0.0 0.0 
88 0.3739565943238731 0.5675675675675675 0.0 0.0 
89 0.3789649415692821 0.5957957957957958 0.015859766277128547 0.009009009009009009 
90 0.3739565943238731 0.6264264264264264 0.0 0.0 
91 0.6160267111853088 0.6234234234234234 0.017529215358931552 0.012012012012012012 
92 0.6185308848080133 0.5945945945945946 0.015859766277128547 0.012012012012012012 
93 0.6118530884808013 0.5681681681681682 0.0 0.0 
94 0.6101836393989983 0.5399399399399399 0.0 0.0 
95 0.6118530884808013 0.5183183183183183 0.0 0.0 
96 0.6110183639398998 0.5027027027027027 0.0 0.0 
97 0.6110183639398998 0.4810810810810811 0.0 0.0 
98 0.6193656093489148 0.4594594594594595 0.01669449081803005 0.01021021021021021 
99 0.6168614357262103 0.44144144144144143 0.015025041736227046 0.010810810810810811 
100 0.6101836393989983 0.4144144144144144 0.0 0.0 
101 0.6202003338898163 0.37537537537537535 0.017529215358931552 0.009009009009009009 
102 0.6176961602671118 0.34594594594594597 0.01669449081803005 0.012012012012012012 
103 0.6110183639398998 0.3183183183183183 0.0 0.0 
104 0.6101836393989983 0.2894894894894895 0.0 0.0 
105 0.6126878130217028 0.2618618618618619 0.0 0.0 
106 0.6168614357262103 0.24024024024024024 0.014190317195325543 0.008408408408408409 
107 0.6160267111853088 0.21441441441441442 0.01335559265442404 0.01021021021021021 
108 0.6176961602671118 0.2018018018018018 0.012520868113522538 0.007207207207207207 
29 0.21285475792988315 0.5417417417417417 0.0 0.0 
