0 0.08597662771285476 0.06966966966966967 0.1018363939899833 0.012612612612612612 
1 0.21702838063439064 0.06906906906906907 0.06093489148580968 0.013813813813813814 
2 0.31969949916527546 0.06726726726726727 0.052587646076794656 0.009009009009009009 
3 0.32136894824707846 0.11651651651651651 0.011686143572621035 0.007807807807807808 
4 0.08013355592654424 0.11651651651651651 0.012520868113522538 0.00960960960960961 
5 0.41151919866444076 0.06726726726726727 0.0667779632721202 0.012612612612612612 
6 0.7078464106844741 0.06846846846846846 0.0 0.0 
7 0.4540901502504174 0.0990990990990991 0.18113522537562604 0.015015015015015015 
8 0.12020033388981637 0.17477477477477477 0.04340567612687813 0.009009009009009009 
9 0.12687813021702837 0.19039039039039038 0.06260434056761269 0.013213213213213212 
10 0.14524207011686144 0.209009009009009 0.09348914858096828 0.012612612612612612 
11 0.14607679465776294 0.22462462462462462 0.05342237061769616 0.010810810810810811 
12 0.2570951585976628 0.22462462462462462 0.055926544240400666 0.00960960960960961 
13 0.21452420701168615 0.24204204204204205 0.17696160267111852 0.012012012012012012 
14 0.07679465776293823 0.3033033033033033 0.0642737896494157 0.006606606606606606 
15 0.0659432387312187 0.32552552552552555 0.04424040066777963 0.006006006006006006 
16 0.0651085141903172 0.3483483483483483 0.041736227045075125 0.007207207207207207 
17 0.2303839732888147 0.3237237237237237 0.038397328881469114 0.008408408408408409 
18 0.2370617696160267 0.34594594594594597 0.04757929883138564 0.007207207207207207 
19 0.14106844741235391 0.38198198198198197 0.08514190317195326 0.013213213213213212 
20 0.13606010016694492 0.39579579579579577 0.04257095158597663 0.013213213213213212 
21 0.1686143572621035 0.412012012012012 0.045909849749582635 0.011411411411411412 
22 0.25375626043405675 0.439039039039039 0.037562604340567615 0.013813813813813814 
23 0.3297161936560935 0.43963963963963965 0.038397328881469114 0.012012012012012012 
24 0.22537562604340566 0.45345345345345345 0.06176961602671119 0.007807807807807808 
25 0.12771285475792987 0.46846846846846846 0.07262103505843072 0.009009009009009009 
26 0.17696160267111852 0.4828828828828829 0.15692821368948248 0.012612612612612612 
27 0.25626043405676124 0.4966966966966967 0.05425709515859766 0.00960960960960961 
28 0.19616026711185308 0.5159159159159159 0.1335559265442404 0.013213213213213212 
29 0.1352253756260434 0.542942942942943 0.011686143572621035 0.008408408408408409 
30 0.11853088480801335 0.5717717717717717 0.034223706176961605 0.008408408408408409 
31 0.12270450751252086 0.5873873873873874 0.04257095158597663 0.012012012012012012 
32 0.21535893155258765 0.6024024024024024 0.10601001669449082 0.013213213213213212 
33 0.15108514190317196 0.618018018018018 0.09849749582637729 0.009009009009009009 
34 0.2570951585976628 0.6318318318318318 0.05425709515859766 0.009009009009009009 
35 0.19365609348914858 0.6486486486486487 0.13856427378964942 0.011411411411411412 
36 0.22370617696160267 0.6648648648648648 0.08931552587646077 0.01021021021021021 
37 0.17111853088480802 0.6810810810810811 0.015859766277128547 0.010810810810810811 
38 0.21285475792988315 0.6960960960960961 0.10350584307178631 0.012612612612612612 
39 0.11352253756260434 0.8660660660660661 0.15025041736227046 0.007807807807807808 
40 0.7320534223706177 0.17537537537537537 0.055926544240400666 0.01021021021021021 
41 0.7228714524207012 0.19099099099099098 0.041736227045075125 0.011411411411411412 
42 0.7562604340567612 0.2066066066066066 0.10434056761268781 0.012612612612612612 
43 0.7562604340567612 0.22342342342342342 0.06844741235392321 0.013813813813813814 
44 0.8681135225375626 0.22162162162162163 0.07011686143572621 0.012012012012012012 
45 0.8196994991652755 0.24264264264264265 0.18697829716193656 0.016216216216216217 
46 0.7036727879799666 0.3057057057057057 0.11519198664440734 0.012612612612612612 
47 0.6619365609348915 0.3249249249249249 0.0333889816360601 0.006606606606606606 
48 0.671118530884808 0.3471471471471472 0.048414023372287146 0.007807807807807808 
49 0.8522537562604341 0.3483483483483483 0.07929883138564274 0.010810810810810811 
50 0.845575959933222 0.3267267267267267 0.0659432387312187 0.00960960960960961 
51 0.7287145242070117 0.38078078078078076 0.05175292153589316 0.008408408408408409 
52 0.7395659432387313 0.3951951951951952 0.04006677796327212 0.00960960960960961 
53 0.7846410684474123 0.4096096096096096 0.06844741235392321 0.012012012012012012 
54 0.8580968280467446 0.44144144144144143 0.040901502504173626 0.008408408408408409 
55 0.9357262103505843 0.4402402402402402 0.04340567612687813 0.012012012012012012 
56 0.833889816360601 0.4540540540540541 0.06928213689482471 0.01021021021021021 
57 0.7212020033388982 0.4678678678678679 0.049248747913188645 0.004804804804804805 
58 0.7454090150250418 0.4828828828828829 0.08764607679465776 0.009009009009009009 
59 0.8530884808013356 0.4954954954954955 0.049248747913188645 0.012612612612612612 
60 0.8263772954924875 0.5141141141141141 0.19532554257095158 0.013213213213213212 
61 0.7387312186978298 0.5423423423423424 0.009181969949916527 0.005405405405405406 
61 0.820534223706177 0.5417417417417417 0.01001669449081803 0.007807807807807808 
62 0.7295492487479132 0.5711711711711712 0.05759599332220367 0.01021021021021021 
63 0.7203672787979967 0.5861861861861862 0.03923205342237062 0.011411411411411412 
64 0.8071786310517529 0.6018018018018018 0.09849749582637729 0.012612612612612612 
65 0.7838063439065108 0.6174174174174174 0.15943238731218698 0.012612612612612612 
66 0.8530884808013356 0.6318318318318318 0.04757929883138564 0.006606606606606606 
67 0.8505843071786311 0.6510510510510511 0.24624373956594323 0.010810810810810811 
68 0.8130217028380634 0.6630630630630631 0.0659432387312187 0.007807807807807808 
69 0.7762938230383973 0.6792792792792792 0.018363939899833055 0.011411411411411412 
70 0.8013355592654424 0.6942942942942943 0.08180300500834725 0.01021021021021021 
71 0.8931552587646077 0.8636636636636636 0.14774624373956594 0.009009009009009009 
6 0.6310517529215359 0.06966966966966967 0.009181969949916527 0.005405405405405406 
3 0.2353923205342237 0.11651651651651651 0.01001669449081803 0.007807807807807808 
72 0.15943238731218698 0.11411411411411411 0.0 0.0 
73 0.3739565943238731 0.2012012012012012 0.0 0.0 
74 0.3764607679465776 0.21561561561561562 0.009181969949916527 0.007207207207207207 
75 0.3814691151919866 0.23963963963963963 0.015025041736227046 0.01021021021021021 
76 0.3739565943238731 0.2594594594594595 0.0 0.0 
77 0.3806343906510851 0.28888888888888886 0.01335559265442404 0.009009009009009009 
78 0.3756260434056761 0.31471471471471474 0.0 0.0 
79 0.3739565943238731 0.3441441441441441 0.0 0.0 
80 0.3739565943238731 0.372972972972973 0.0 0.0 
81 0.3814691151919866 0.4126126126126126 0.015025041736227046 0.009009009009009009 
82 0.3789649415692821 0.44204204204204206 0.01001669449081803 0.006606606606606606 
83 0.3806343906510851 0.46006006006006006 0.012520868113522538 0.009009009009009009 
84 0.3814691151919866 0.47927927927927927 0.015025041736227046 0.009009009009009009 
85 0.3739565943238731 0.4990990990990991 0.0 0.0 
86 0.3756260434056761 0.5159159159159159 0.0 0.0 
87 0.3806343906510851 0.5369369369369369 0.01669449081803005 0.011411411411411412 
88 0.3823038397328882 0.5669669669669669 0.01669449081803005 0.00960960960960961 
89 0.3789649415692821 0.5957957957957958 0.015025041736227046 0.009009009009009009 
90 0.3739565943238731 0.6246246246246246 0.0 0.0 
91 0.6076794657762938 0.6234234234234234 0.0 0.0 
92 0.6110183639398998 0.5945945945945946 0.0 0.0 
93 0.6202003338898163 0.5669669669669669 0.01669449081803005 0.010810810810810811 
94 0.6101836393989983 0.5381381381381382 0.0 0.0 
95 0.6185308848080133 0.5171171171171172 0.01335559265442404 0.01021021021021021 
96 0.6193656093489148 0.5015015015015015 0.017529215358931552 0.010810810810810811 
97 0.6185308848080133 0.4798798798798799 0.015025041736227046 0.01021021021021021 
98 0.6193656093489148 0.45885885885885885 0.01669449081803005 0.011411411411411412 
99 0.6160267111853088 0.44144144144144143 0.01335559265442404 0.01021021021021021 
100 0.6101836393989983 0.4126126126126126 0.0 0.0 
101 0.6118530884808013 0.3741741741741742 0.0 0.0 
102 0.6093489148580968 0.34594594594594597 0.0 0.0 
103 0.6110183639398998 0.3165165165165165 0.0 0.0 
104 0.6101836393989983 0.2876876876876877 0.0 0.0 
105 0.6202003338898163 0.26126126126126126 0.015025041736227046 0.009009009009009009 
106 0.6101836393989983 0.23843843843843843 0.0 0.0 
107 0.6093489148580968 0.2138138138138138 0.0 0.0 
108 0.6176961602671118 0.2012012012012012 0.012520868113522538 0.007807807807807808 
29 0.21786310517529214 0.542942942942943 0.01001669449081803 0.005405405405405406 
