0 0.08681135225375626 0.06966966966966967 0.10434056761268781 0.012612612612612612 
1 0.21619365609348914 0.06966966966966967 0.05926544240400668 0.012612612612612612 
2 0.31969949916527546 0.06726726726726727 0.052587646076794656 0.009009009009009009 
3 0.32220367278797996 0.11651651651651651 0.014190317195325543 0.007807807807807808 
4 0.08096828046744574 0.11711711711711711 0.014190317195325543 0.008408408408408409 
5 0.3998330550918197 0.06606606606606606 0.04424040066777963 0.006606606606606606 
6 0.7078464106844741 0.06846846846846846 0.0 0.0 
7 0.48831385642737896 0.0990990990990991 0.24958263772954925 0.015015015015015015 
8 0.14106844741235391 0.17477477477477477 0.08514190317195326 0.011411411411411412 
9 0.13606010016694492 0.19039039039039038 0.08096828046744574 0.013813813813813814 
10 0.14273789649415694 0.209009009009009 0.08931552587646077 0.012012012012012012 
11 0.15442404006677796 0.22462462462462462 0.0709515859766277 0.01021021021021021 
12 0.25542570951585974 0.22342342342342342 0.052587646076794656 0.007807807807807808 
13 0.20534223706176963 0.24084084084084084 0.15943238731218698 0.01021021021021021 
14 0.07846410684474124 0.3033033033033033 0.0676126878130217 0.007807807807807808 
15 0.07512520868113523 0.3261261261261261 0.06260434056761269 0.008408408408408409 
16 0.0676126878130217 0.34594594594594597 0.04757929883138564 0.007807807807807808 
17 0.2303839732888147 0.32312312312312313 0.03923205342237062 0.009009009009009009 
18 0.2370617696160267 0.34594594594594597 0.04757929883138564 0.007207207207207207 
19 0.14023372287145242 0.38198198198198197 0.08430717863105175 0.012612612612612612 
20 0.14106844741235391 0.39579579579579577 0.052587646076794656 0.012612612612612612 
21 0.17779632721202004 0.412012012012012 0.0642737896494157 0.012012012012012012 
22 0.2595993322203673 0.44084084084084085 0.048414023372287146 0.010810810810810811 
23 0.330550918196995 0.439039039039039 0.040901502504173626 0.012612612612612612 
24 0.2362270450751252 0.45525525525525523 0.08430717863105175 0.012012012012012012 
25 0.12437395659432388 0.46846846846846846 0.0659432387312187 0.010810810810810811 
26 0.16026711185308848 0.48348348348348347 0.12353923205342238 0.012012012012012012 
27 0.25542570951585974 0.4960960960960961 0.052587646076794656 0.008408408408408409 
28 0.19449081803005008 0.5159159159159159 0.1310517529215359 0.013213213213213212 
29 0.1352253756260434 0.5423423423423424 0.012520868113522538 0.009009009009009009 
30 0.12186978297161936 0.5717717717717717 0.040901502504173626 0.010810810810810811 
31 0.12437395659432388 0.5873873873873874 0.045909849749582635 0.011411411411411412 
32 0.20701168614357263 0.6024024024024024 0.08931552587646077 0.013213213213213212 
33 0.15442404006677796 0.6174174174174174 0.10517529215358931 0.01021021021021021 
34 0.25459098497495825 0.6318318318318318 0.048414023372287146 0.011411411411411412 
35 0.19532554257095158 0.648048048048048 0.1419031719532554 0.010810810810810811 
36 0.2287145242070117 0.6654654654654655 0.09849749582637729 0.00960960960960961 
37 0.17612687813021702 0.6804804804804805 0.02587646076794658 0.011411411411411412 
38 0.2020033388981636 0.6966966966966966 0.08263772954924875 0.012012012012012012 
39 0.10267111853088481 0.8648648648648649 0.1293823038397329 0.010810810810810811 
40 0.7220367278797997 0.17477477477477477 0.035058430717863104 0.011411411411411412 
41 0.7337228714524207 0.19099099099099098 0.0642737896494157 0.011411411411411412 
42 0.7445742904841403 0.2066066066066066 0.08013355592654424 0.012612612612612612 
43 0.7495826377295493 0.22402402402402402 0.055926544240400666 0.013213213213213212 
44 0.8656093489148581 0.22162162162162163 0.0651085141903172 0.011411411411411412 
45 0.7921535893155259 0.24324324324324326 0.1327212020033389 0.015615615615615615 
46 0.6719532554257095 0.3063063063063063 0.05175292153589316 0.011411411411411412 
47 0.6869782971619366 0.32732732732732733 0.08347245409015025 0.010810810810810811 
48 0.671118530884808 0.3471471471471472 0.048414023372287146 0.007207207207207207 
49 0.83889816360601 0.34654654654654654 0.05175292153589316 0.008408408408408409 
50 0.843906510851419 0.3267267267267267 0.06260434056761269 0.00960960960960961 
51 0.7245409015025042 0.3801801801801802 0.04424040066777963 0.011411411411411412 
52 0.7412353923205343 0.3945945945945946 0.04340567612687813 0.010810810810810811 
53 0.7813021702838063 0.4096096096096096 0.06176961602671119 0.011411411411411412 
54 0.8622704507512521 0.43723723723723723 0.049248747913188645 0.016816816816816817 
55 0.9373956594323873 0.44084084084084085 0.04674457429048414 0.010810810810810811 
56 0.8171953255425709 0.45345345345345345 0.03589315525876461 0.004804804804804805 
57 0.7262103505843072 0.46846846846846846 0.05843071786310518 0.00960960960960961 
58 0.7487479131886478 0.4816816816816817 0.09348914858096828 0.008408408408408409 
59 0.8555926544240401 0.4948948948948949 0.05425709515859766 0.009009009009009009 
60 0.7888146911519198 0.5141141141141141 0.12020033388981637 0.012612612612612612 
61 0.7345575959933222 0.5393393393393393 0.0 0.0 
61 0.8155258764607679 0.5399399399399399 0.0 0.0 
62 0.7270450751252087 0.5711711711711712 0.052587646076794656 0.01021021021021021 
63 0.7278797996661102 0.5867867867867868 0.05342237061769616 0.010810810810810811 
64 0.8071786310517529 0.6018018018018018 0.0993322203672788 0.012612612612612612 
65 0.7813021702838063 0.618018018018018 0.15358931552587646 0.012012012012012012 
66 0.8647746243739566 0.633033033033033 0.0709515859766277 0.00960960960960961 
67 0.7963272120200334 0.6504504504504505 0.13772954924874792 0.012012012012012012 
68 0.8096828046744574 0.6648648648648648 0.05843071786310518 0.00960960960960961 
69 0.7737896494156928 0.6798798798798799 0.014190317195325543 0.010810810810810811 
70 0.8030050083472454 0.6942942942942943 0.08514190317195326 0.01021021021021021 
71 0.8831385642737897 0.8636636636636636 0.12771285475792987 0.009009009009009009 
6 0.6268781302170284 0.06666666666666667 0.0 0.0 
3 0.2303839732888147 0.11471471471471471 0.0 0.0 
72 0.15943238731218698 0.11411411411411411 0.0 0.0 
73 0.3739565943238731 0.2012012012012012 0.0 0.0 
74 0.3722871452420701 0.2132132132132132 0.0 0.0 
75 0.3739565943238731 0.23903903903903903 0.0 0.0 
76 0.3739565943238731 0.2594594594594595 0.0 0.0 
77 0.3806343906510851 0.2882882882882883 0.01335559265442404 0.01021021021021021 
78 0.3756260434056761 0.31471471471471474 0.0 0.0 
79 0.3739565943238731 0.3441441441441441 0.0 0.0 
80 0.3739565943238731 0.372972972972973 0.0 0.0 
81 0.3739565943238731 0.4114114114114114 0.0 0.0 
82 0.3789649415692821 0.44144144144144143 0.01001669449081803 0.007807807807807808 
83 0.3747913188647746 0.45885885885885885 0.0 0.0 
84 0.3806343906510851 0.47927927927927927 0.01335559265442404 0.009009009009009009 
85 0.3739565943238731 0.4990990990990991 0.0 0.0 
86 0.3756260434056761 0.5159159159159159 0.0 0.0 
87 0.3722871452420701 0.5369369369369369 0.0 0.0 
88 0.3814691151919866 0.5657657657657658 0.015025041736227046 0.011411411411411412 
89 0.37145242070116863 0.5945945945945946 0.0 0.0 
90 0.3739565943238731 0.6246246246246246 0.0 0.0 
91 0.6143572621035058 0.6228228228228229 0.01335559265442404 0.012612612612612612 
92 0.6185308848080133 0.5945945945945946 0.015025041736227046 0.011411411411411412 
93 0.6185308848080133 0.5669669669669669 0.014190317195325543 0.010810810810810811 
94 0.6193656093489148 0.5375375375375375 0.018363939899833055 0.012612612612612612 
95 0.6185308848080133 0.5171171171171172 0.01335559265442404 0.01021021021021021 
96 0.6110183639398998 0.5009009009009009 0.0 0.0 
97 0.6193656093489148 0.4804804804804805 0.017529215358931552 0.00960960960960961 
98 0.6185308848080133 0.45885885885885885 0.015025041736227046 0.011411411411411412 
99 0.6160267111853088 0.44204204204204206 0.01335559265442404 0.009009009009009009 
100 0.6101836393989983 0.4126126126126126 0.0 0.0 
101 0.6118530884808013 0.3741741741741742 0.0 0.0 
102 0.6093489148580968 0.34594594594594597 0.0 0.0 
103 0.6193656093489148 0.3171171171171171 0.01669449081803005 0.010810810810810811 
104 0.6168614357262103 0.2882882882882883 0.014190317195325543 0.01021021021021021 
105 0.6202003338898163 0.2606606606606607 0.015025041736227046 0.01021021021021021 
106 0.6101836393989983 0.23843843843843843 0.0 0.0 
107 0.6151919866444073 0.21501501501501502 0.012520868113522538 0.00960960960960961 
108 0.6118530884808013 0.1993993993993994 0.0 0.0 
29 0.21702838063439064 0.5423423423423424 0.008347245409015025 0.006606606606606606 
