0 0.09682804674457429 0.07027027027027027 0.12437395659432388 0.012012012012012012 
1 0.22287145242070117 0.06966966966966967 0.07262103505843072 0.013213213213213212 
2 0.3313856427378965 0.06846846846846846 0.07512520868113523 0.012012012012012012 
3 0.31552587646076796 0.11471471471471471 0.0 0.0 
4 0.07429048414023372 0.11531531531531532 0.0 0.0 
5 0.4682804674457429 0.06846846846846846 0.18030050083472454 0.01021021021021021 
6 0.7078464106844741 0.06846846846846846 0.0 0.0 
7 0.5141903171953256 0.0990990990990991 0.3005008347245409 0.015615615615615615 
8 0.1327212020033389 0.17477477477477477 0.06844741235392321 0.011411411411411412 
9 0.12687813021702837 0.19039039039039038 0.06260434056761269 0.013813813813813814 
10 0.166110183639399 0.20960960960960962 0.1352253756260434 0.012012012012012012 
11 0.15692821368948248 0.22402402402402402 0.07595993322203673 0.011411411411411412 
12 0.2679465776293823 0.22462462462462462 0.07679465776293823 0.011411411411411412 
13 0.2036727879799666 0.24264264264264265 0.15609348914858096 0.013213213213213212 
14 0.11769616026711185 0.3033033033033033 0.14607679465776294 0.007807807807807808 
15 0.0676126878130217 0.3261261261261261 0.04757929883138564 0.007807807807807808 
16 0.08263772954924875 0.3471471471471472 0.07679465776293823 0.00960960960960961 
17 0.24457429048414023 0.32432432432432434 0.0676126878130217 0.00960960960960961 
18 0.24290484140233723 0.34774774774774775 0.05843071786310518 0.008408408408408409 
19 0.19198664440734559 0.38198198198198197 0.18781302170283806 0.013213213213213212 
20 0.15525876460767946 0.3963963963963964 0.08096828046744574 0.012012012012012012 
21 0.17863105175292154 0.4114114114114114 0.0651085141903172 0.012612612612612612 
22 0.2570951585976628 0.43963963963963965 0.04424040066777963 0.013213213213213212 
23 0.327212020033389 0.43963963963963965 0.034223706176961605 0.011411411411411412 
24 0.2646076794657763 0.45525525525525523 0.14023372287145242 0.011411411411411412 
25 0.16110183639398998 0.46846846846846846 0.13856427378964942 0.01021021021021021 
26 0.15859766277128548 0.48348348348348347 0.12020033388981637 0.012012012012012012 
27 0.28213689482470783 0.4972972972972973 0.10601001669449082 0.011411411411411412 
28 0.22537562604340566 0.5153153153153153 0.19282136894824708 0.013813813813813814 
29 0.1343906510851419 0.5423423423423424 0.01001669449081803 0.009009009009009009 
30 0.1352253756260434 0.5717717717717717 0.0667779632721202 0.01021021021021021 
31 0.13856427378964942 0.5873873873873874 0.07429048414023372 0.012012012012012012 
32 0.21869782971619364 0.6024024024024024 0.11268781302170283 0.012612612612612612 
33 0.16193656093489148 0.6174174174174174 0.12020033388981637 0.01021021021021021 
34 0.2679465776293823 0.6324324324324324 0.07595993322203673 0.012012012012012012 
35 0.18781302170283806 0.6486486486486487 0.12687813021702837 0.012012012012012012 
36 0.22454090150250416 0.6648648648648648 0.09098497495826377 0.01021021021021021 
37 0.17863105175292154 0.6804804804804805 0.030884808013355594 0.011411411411411412 
38 0.21953255425709517 0.6966966966966966 0.11686143572621036 0.011411411411411412 
39 0.10434056761268781 0.8672672672672672 0.1318864774624374 0.006006006006006006 
40 0.7537562604340567 0.17477477477477477 0.09849749582637729 0.011411411411411412 
41 0.7345575959933222 0.19099099099099098 0.0659432387312187 0.012012012012012012 
42 0.7971619365609349 0.2066066066066066 0.18614357262103506 0.012612612612612612 
43 0.7612687813021702 0.22402402402402402 0.07846410684474124 0.013213213213213212 
44 0.8772954924874792 0.22342342342342342 0.08931552587646077 0.014414414414414415 
45 0.845575959933222 0.24504504504504504 0.2387312186978297 0.012012012012012012 
46 0.7120200333889817 0.3063063063063063 0.1327212020033389 0.012012012012012012 
47 0.6853088480801336 0.32732732732732733 0.08096828046744574 0.01021021021021021 
48 0.6752921535893155 0.34894894894894896 0.05759599332220367 0.008408408408408409 
49 0.8464106844741235 0.34894894894894896 0.0676126878130217 0.00960960960960961 
50 0.8489148580968281 0.3267267267267267 0.07178631051752922 0.00960960960960961 
51 0.7796327212020033 0.38078078078078076 0.15442404006677796 0.01021021021021021 
52 0.7378964941569283 0.3945945945945946 0.03672787979966611 0.01021021021021021 
53 0.7854757929883138 0.4096096096096096 0.07011686143572621 0.012012012012012012 
54 0.8597662771285476 0.43963963963963965 0.04424040066777963 0.011411411411411412 
55 0.9373956594323873 0.43843843843843844 0.04674457429048414 0.015015015015015015 
56 0.8213689482470785 0.45465465465465466 0.04340567612687813 0.00960960960960961 
57 0.7312186978297162 0.4678678678678679 0.06844741235392321 0.010810810810810811 
58 0.7704507512520868 0.48348348348348347 0.13772954924874792 0.008408408408408409 
59 0.8689482470784641 0.4966966966966967 0.08096828046744574 0.010810810810810811 
60 0.8155258764607679 0.5135135135135135 0.17445742904841402 0.013813813813813814 
61 0.7378964941569283 0.5423423423423424 0.007512520868113523 0.006006006006006006 
61 0.8155258764607679 0.5399399399399399 0.0 0.0 
62 0.7504173622704507 0.5711711711711712 0.09849749582637729 0.01021021021021021 
63 0.7537562604340567 0.5861861861861862 0.10517529215358931 0.012012012012012012 
64 0.7996661101836394 0.6024024024024024 0.08347245409015025 0.011411411411411412 
65 0.7646076794657763 0.618018018018018 0.12020033388981637 0.012012012012012012 
66 0.8580968280467446 0.633033033033033 0.05759599332220367 0.009009009009009009 
67 0.8430717863105175 0.6504504504504505 0.23121869782971619 0.012012012012012012 
68 0.830550918196995 0.6648648648648648 0.1010016694490818 0.00960960960960961 
69 0.7754590984974958 0.6792792792792792 0.017529215358931552 0.012012012012012012 
70 0.8021702838063439 0.6948948948948949 0.08430717863105175 0.00960960960960961 
71 0.8881469115191987 0.8642642642642643 0.13772954924874792 0.007807807807807808 
6 0.6268781302170284 0.06666666666666667 0.0 0.0 
3 0.2353923205342237 0.11711711711711711 0.01001669449081803 0.007207207207207207 
72 0.16277128547579298 0.11771771771771772 0.00667779632721202 0.004804804804804805 
73 0.3739565943238731 0.2012012012012012 0.0 0.0 
74 0.3764607679465776 0.21561561561561562 0.008347245409015025 0.006606606606606606 
75 0.3789649415692821 0.24024024024024024 0.01001669449081803 0.009009009009009009 
76 0.3739565943238731 0.2594594594594595 0.0 0.0 
77 0.3739565943238731 0.2876876876876877 0.0 0.0 
78 0.3756260434056761 0.31471471471471474 0.0 0.0 
79 0.3739565943238731 0.3441441441441441 0.0 0.0 
80 0.3781302170283806 0.37537537537537535 0.009181969949916527 0.006606606606606606 
81 0.3739565943238731 0.4114114114114114 0.0 0.0 
82 0.3739565943238731 0.43963963963963965 0.0 0.0 
83 0.3806343906510851 0.46066066066066064 0.012520868113522538 0.008408408408408409 
84 0.3789649415692821 0.47927927927927927 0.01001669449081803 0.009009009009009009 
85 0.3739565943238731 0.4990990990990991 0.0 0.0 
86 0.3814691151919866 0.5171171171171172 0.012520868113522538 0.00960960960960961 
87 0.3722871452420701 0.5369369369369369 0.0 0.0 
88 0.3739565943238731 0.5657657657657658 0.0 0.0 
89 0.37145242070116863 0.5945945945945946 0.0 0.0 
90 0.3814691151919866 0.6264264264264264 0.015859766277128547 0.008408408408408409 
91 0.6143572621035058 0.6228228228228229 0.014190317195325543 0.012612612612612612 
92 0.6110183639398998 0.5945945945945946 0.0 0.0 
93 0.6176961602671118 0.5663663663663664 0.012520868113522538 0.012012012012012012 
94 0.6101836393989983 0.5381381381381382 0.0 0.0 
95 0.6176961602671118 0.5183183183183183 0.011686143572621035 0.008408408408408409 
96 0.6110183639398998 0.5009009009009009 0.0 0.0 
97 0.6110183639398998 0.47927927927927927 0.0 0.0 
98 0.6110183639398998 0.45885885885885885 0.0 0.0 
99 0.6093489148580968 0.44084084084084085 0.0 0.0 
100 0.6101836393989983 0.4126126126126126 0.0 0.0 
101 0.6118530884808013 0.3741741741741742 0.0 0.0 
102 0.6093489148580968 0.34594594594594597 0.0 0.0 
103 0.6110183639398998 0.3165165165165165 0.0 0.0 
104 0.6160267111853088 0.2882882882882883 0.012520868113522538 0.01021021021021021 
105 0.6185308848080133 0.26126126126126126 0.012520868113522538 0.00960960960960961 
106 0.6168614357262103 0.23963963963963963 0.01335559265442404 0.00960960960960961 
107 0.6093489148580968 0.2138138138138138 0.0 0.0 
108 0.6168614357262103 0.2018018018018018 0.01001669449081803 0.007207207207207207 
29 0.21285475792988315 0.5399399399399399 0.0 0.0 
