0 0.08096828046744574 0.06966966966966967 0.09265442404006678 0.013213213213213212 
1 0.22537562604340566 0.06966966966966967 0.07679465776293823 0.012612612612612612 
2 0.333889816360601 0.06846846846846846 0.08096828046744574 0.012012012012012012 
3 0.31886477462437396 0.11591591591591592 0.007512520868113523 0.00960960960960961 
4 0.07429048414023372 0.11531531531531532 0.0 0.0 
5 0.41235392320534225 0.06846846846846846 0.06928213689482471 0.010810810810810811 
6 0.7078464106844741 0.06846846846846846 0.0 0.0 
7 0.5091819699499165 0.0990990990990991 0.2904841402337229 0.015015015015015015 
8 0.14607679465776294 0.17477477477477477 0.09515859766277128 0.011411411411411412 
9 0.15525876460767946 0.19039039039039038 0.11853088480801335 0.014414414414414415 
10 0.20784641068447413 0.209009009009009 0.21953255425709517 0.013213213213213212 
11 0.15108514190317196 0.22402402402402402 0.0642737896494157 0.011411411411411412 
12 0.2704507512520868 0.22462462462462462 0.08180300500834725 0.012012012012012012 
13 0.2370617696160267 0.24324324324324326 0.22287145242070117 0.011411411411411412 
14 0.11352253756260434 0.3027027027027027 0.13772954924874792 0.009009009009009009 
15 0.0651085141903172 0.3261261261261261 0.041736227045075125 0.008408408408408409 
16 0.07595993322203673 0.3471471471471472 0.0642737896494157 0.00960960960960961 
17 0.24207011686143573 0.3237237237237237 0.06260434056761269 0.01021021021021021 
18 0.24624373956594323 0.34654654654654654 0.0659432387312187 0.01021021021021021 
19 0.12353923205342238 0.3813813813813814 0.05008347245409015 0.013813813813813814 
20 0.14941569282136896 0.396996996996997 0.06928213689482471 0.010810810810810811 
21 0.167779632721202 0.4126126126126126 0.04340567612687813 0.010810810810810811 
22 0.25041736227045075 0.439039039039039 0.03005008347245409 0.014414414414414415 
23 0.328881469115192 0.43963963963963965 0.03672787979966611 0.011411411411411412 
24 0.2370617696160267 0.45645645645645644 0.08597662771285476 0.00960960960960961 
25 0.1419031719532554 0.46846846846846846 0.1001669449081803 0.01021021021021021 
26 0.1636060100166945 0.48348348348348347 0.1310517529215359 0.012012012012012012 
27 0.2696160267111853 0.4966966966966967 0.08013355592654424 0.012612612612612612 
28 0.24373956594323873 0.5171171171171172 0.2295492487479132 0.010810810810810811 
29 0.1343906510851419 0.542942942942943 0.01001669449081803 0.008408408408408409 
30 0.11936560934891485 0.5723723723723724 0.03589315525876461 0.00960960960960961 
31 0.14273789649415694 0.587987987987988 0.08180300500834725 0.010810810810810811 
32 0.21368948247078465 0.6018018018018018 0.1018363939899833 0.013813813813813814 
33 0.17111853088480802 0.618018018018018 0.13939899833055092 0.00960960960960961 
34 0.2696160267111853 0.6324324324324324 0.07929883138564274 0.012012012012012012 
35 0.24123539232053423 0.6486486486486487 0.2337228714524207 0.012012012012012012 
36 0.22203672787979967 0.6654654654654655 0.08597662771285476 0.00960960960960961 
37 0.17612687813021702 0.6810810810810811 0.025041736227045076 0.010810810810810811 
38 0.20951585976627712 0.6960960960960961 0.09682804674457429 0.012612612612612612 
39 0.10767946577629382 0.8678678678678678 0.13856427378964942 0.004804804804804805 
40 0.7520868113522537 0.17537537537537537 0.09599332220367279 0.010810810810810811 
41 0.7529215358931552 0.1915915915915916 0.10267111853088481 0.010810810810810811 
42 0.7762938230383973 0.2066066066066066 0.14357262103505844 0.012612612612612612 
43 0.7512520868113522 0.22402402402402402 0.05843071786310518 0.013213213213213212 
44 0.8781302170283807 0.22402402402402402 0.09015025041736227 0.013213213213213212 
45 0.842237061769616 0.24444444444444444 0.23205342237061768 0.013213213213213212 
46 0.7145242070116862 0.3081081081081081 0.13689482470784642 0.008408408408408409 
47 0.6736227045075125 0.32732732732732733 0.05676126878130217 0.010810810810810811 
48 0.679465776293823 0.3483483483483483 0.0651085141903172 0.00960960960960961 
49 0.8489148580968281 0.34774774774774775 0.07178631051752922 0.011411411411411412 
50 0.837228714524207 0.3261261261261261 0.048414023372287146 0.01021021021021021 
51 0.7320534223706177 0.38078078078078076 0.05926544240400668 0.01021021021021021 
52 0.7429048414023373 0.3951951951951952 0.04674457429048414 0.00960960960960961 
53 0.7813021702838063 0.4096096096096096 0.06176961602671119 0.011411411411411412 
54 0.8597662771285476 0.4402402402402402 0.04340567612687813 0.010810810810810811 
55 0.9390651085141903 0.44084084084084085 0.05091819699499165 0.01021021021021021 
56 0.8714524207011686 0.45465465465465466 0.14440734557595994 0.00960960960960961 
57 0.7328881469115192 0.46846846846846846 0.07262103505843072 0.00960960960960961 
58 0.7971619365609349 0.48228228228228226 0.19031719532554256 0.01021021021021021 
59 0.8689482470784641 0.4960960960960961 0.08013355592654424 0.012012012012012012 
60 0.840567612687813 0.5153153153153153 0.22370617696160267 0.01021021021021021 
61 0.7345575959933222 0.5393393393393393 0.0 0.0 
61 0.8196994991652755 0.5417417417417417 0.008347245409015025 0.006606606606606606 
62 0.7387312186978298 0.5711711711711712 0.07512520868113523 0.01021021021021021 
63 0.7587646076794657 0.5855855855855856 0.11519198664440734 0.012612612612612612 
64 0.8005008347245409 0.6024024024024024 0.08514190317195326 0.011411411411411412 
65 0.7821368948247078 0.618018018018018 0.15525876460767946 0.012012012012012012 
66 0.8614357262103506 0.633033033033033 0.0642737896494157 0.00960960960960961 
67 0.7979966611018364 0.6504504504504505 0.14023372287145242 0.011411411411411412 
68 0.8297161936560935 0.6642642642642642 0.0993322203672788 0.01021021021021021 
69 0.7771285475792988 0.6798798798798799 0.02003338898163606 0.010810810810810811 
70 0.8096828046744574 0.6948948948948949 0.09849749582637729 0.00960960960960961 
71 0.8881469115191987 0.8642642642642643 0.13689482470784642 0.007807807807807808 
6 0.6293823038397329 0.06966966966966967 0.005843071786310518 0.005405405405405406 
3 0.2303839732888147 0.11471471471471471 0.0 0.0 
72 0.15943238731218698 0.11411411411411411 0.0 0.0 
73 0.3781302170283806 0.2012012012012012 0.008347245409015025 0.011411411411411412 
74 0.3722871452420701 0.2132132132132132 0.0 0.0 
75 0.3772954924874791 0.24024024024024024 0.007512520868113523 0.00960960960960961 
76 0.3739565943238731 0.2594594594594595 0.0 0.0 
77 0.3772954924874791 0.28888888888888886 0.007512520868113523 0.009009009009009009 
78 0.3756260434056761 0.31471471471471474 0.0 0.0 
79 0.3781302170283806 0.34534534534534533 0.009181969949916527 0.009009009009009009 
80 0.3739565943238731 0.372972972972973 0.0 0.0 
81 0.3772954924874791 0.4126126126126126 0.007512520868113523 0.00960960960960961 
82 0.3739565943238731 0.43963963963963965 0.0 0.0 
83 0.3747913188647746 0.45885885885885885 0.0 0.0 
84 0.3772954924874791 0.47927927927927927 0.007512520868113523 0.00960960960960961 
85 0.3789649415692821 0.4996996996996997 0.01001669449081803 0.01021021021021021 
86 0.3789649415692821 0.5171171171171172 0.00667779632721202 0.00960960960960961 
87 0.3722871452420701 0.5369369369369369 0.0 0.0 
88 0.3781302170283806 0.5663663663663664 0.008347245409015025 0.010810810810810811 
89 0.37145242070116863 0.5945945945945946 0.0 0.0 
90 0.3739565943238731 0.6246246246246246 0.0 0.0 
91 0.6185308848080133 0.624024024024024 0.021702838063439065 0.010810810810810811 
92 0.6110183639398998 0.5945945945945946 0.0 0.0 
93 0.6118530884808013 0.5663663663663664 0.0 0.0 
94 0.6101836393989983 0.5381381381381382 0.0 0.0 
95 0.6118530884808013 0.5165165165165165 0.0 0.0 
96 0.6168614357262103 0.4996996996996997 0.012520868113522538 0.013813813813813814 
97 0.6151919866444073 0.47927927927927927 0.008347245409015025 0.011411411411411412 
98 0.6151919866444073 0.45885885885885885 0.008347245409015025 0.011411411411411412 
99 0.6126878130217028 0.44204204204204206 0.007512520868113523 0.00960960960960961 
100 0.6101836393989983 0.4126126126126126 0.0 0.0 
101 0.6118530884808013 0.3741741741741742 0.0 0.0 
102 0.6135225375626043 0.34594594594594597 0.008347245409015025 0.011411411411411412 
103 0.6110183639398998 0.3165165165165165 0.0 0.0 
104 0.6101836393989983 0.2876876876876877 0.0 0.0 
105 0.6126878130217028 0.26006006006006005 0.0 0.0 
106 0.6135225375626043 0.23963963963963963 0.007512520868113523 0.009009009009009009 
107 0.6093489148580968 0.2138138138138138 0.0 0.0 
108 0.6118530884808013 0.1993993993993994 0.0 0.0 
29 0.21452420701168615 0.542942942942943 0.004173622704507512 0.005405405405405406 
