0 0.08263772954924875 0.07027027027027027 0.09515859766277128 0.011411411411411412 
1 0.21953255425709517 0.06906906906906907 0.0651085141903172 0.013813813813813814 
2 0.327212020033389 0.06786786786786787 0.0676126878130217 0.008408408408408409 
3 0.31552587646076796 0.11471471471471471 0.0 0.0 
4 0.08013355592654424 0.11711711711711711 0.011686143572621035 0.007807807807807808 
5 0.4265442404006678 0.06666666666666667 0.09766277128547579 0.008408408408408409 
6 0.7078464106844741 0.06846846846846846 0.0 0.0 
7 0.49248747913188645 0.0996996996996997 0.2570951585976628 0.014414414414414415 
8 0.12604340567612687 0.1735735735735736 0.05509181969949917 0.006606606606606606 
9 0.12186978297161936 0.19039039039039038 0.052587646076794656 0.013813813813813814 
10 0.15442404006677796 0.2084084084084084 0.11185308848080133 0.013813813813813814 
11 0.15108514190317196 0.22462462462462462 0.0642737896494157 0.010810810810810811 
12 0.2612687813021703 0.2228228228228228 0.0642737896494157 0.006606606606606606 
13 0.19031719532554256 0.24204204204204205 0.1285475792988314 0.012012012012012012 
14 0.09766277128547579 0.3033033033033033 0.10601001669449082 0.008408408408408409 
15 0.07345575959933222 0.3261261261261261 0.05926544240400668 0.008408408408408409 
16 0.0709515859766277 0.34534534534534533 0.05425709515859766 0.006006006006006006 
17 0.2337228714524207 0.32432432432432434 0.045075125208681135 0.00960960960960961 
18 0.24040066777963273 0.3471471471471472 0.05342237061769616 0.00960960960960961 
19 0.14524207011686144 0.38078078078078076 0.09432387312186978 0.012612612612612612 
20 0.13606010016694492 0.39579579579579577 0.04257095158597663 0.012612612612612612 
21 0.17779632721202004 0.412012012012012 0.0642737896494157 0.012012012012012012 
22 0.25542570951585974 0.43963963963963965 0.040901502504173626 0.013213213213213212 
23 0.3347245409015025 0.439039039039039 0.049248747913188645 0.012612612612612612 
24 0.2387312186978297 0.45585585585585586 0.08931552587646077 0.010810810810810811 
25 0.10517529215358931 0.46606606606606604 0.02671118530884808 0.006606606606606606 
26 0.13856427378964942 0.4828828828828829 0.08013355592654424 0.011411411411411412 
27 0.2629382303839733 0.4942942942942943 0.0667779632721202 0.007807807807807808 
28 0.19532554257095158 0.5159159159159159 0.1318864774624374 0.013213213213213212 
29 0.1293823038397329 0.5411411411411411 0.0 0.0 
30 0.15191986644407346 0.5711711711711712 0.1001669449081803 0.011411411411411412 
31 0.11686143572621036 0.5873873873873874 0.030884808013355594 0.011411411411411412 
32 0.22036727879799667 0.6024024024024024 0.11519198664440734 0.013213213213213212 
33 0.15776293823038398 0.6174174174174174 0.11268781302170283 0.008408408408408409 
34 0.2629382303839733 0.6306306306306306 0.0651085141903172 0.006606606606606606 
35 0.17863105175292154 0.6486486486486487 0.10851419031719532 0.012012012012012012 
36 0.22120200333889817 0.6654654654654655 0.08347245409015025 0.00960960960960961 
37 0.17696160267111852 0.6810810810810811 0.027545909849749584 0.010810810810810811 
38 0.21202003338898165 0.6960960960960961 0.10267111853088481 0.012612612612612612 
39 0.10601001669449082 0.8642642642642643 0.1352253756260434 0.01021021021021021 
40 0.7237061769616027 0.17537537537537537 0.03923205342237062 0.00960960960960961 
41 0.7337228714524207 0.19099099099099098 0.0642737896494157 0.011411411411411412 
42 0.7462437395659433 0.20540540540540542 0.08430717863105175 0.009009009009009009 
43 0.7537562604340567 0.22402402402402402 0.0642737896494157 0.013213213213213212 
44 0.8739565943238731 0.22042042042042043 0.08263772954924875 0.008408408408408409 
45 0.8071786310517529 0.24264264264264265 0.16277128547579298 0.015615615615615615 
46 0.7070116861435726 0.3063063063063063 0.12270450751252086 0.012012012012012012 
47 0.66110183639399 0.32732732732732733 0.03171953255425709 0.01021021021021021 
48 0.6719532554257095 0.34654654654654654 0.05091819699499165 0.006006006006006006 
49 0.843906510851419 0.3483483483483483 0.06260434056761269 0.010810810810810811 
50 0.8297161936560935 0.3267267267267267 0.034223706176961605 0.009009009009009009 
51 0.7445742904841403 0.38078078078078076 0.08347245409015025 0.010810810810810811 
52 0.7429048414023373 0.3945945945945946 0.04757929883138564 0.010810810810810811 
53 0.7771285475792988 0.4096096096096096 0.05425709515859766 0.011411411411411412 
54 0.8622704507512521 0.43663663663663665 0.048414023372287146 0.017417417417417418 
55 0.9357262103505843 0.4402402402402402 0.04340567612687813 0.012012012012012012 
56 0.833889816360601 0.45465465465465466 0.06928213689482471 0.00960960960960961 
57 0.7278797996661102 0.4678678678678679 0.06176961602671119 0.01021021021021021 
58 0.7687813021702838 0.48228228228228226 0.1343906510851419 0.01021021021021021 
59 0.8572621035058431 0.4960960960960961 0.05759599332220367 0.010810810810810811 
60 0.8055091819699499 0.5141141141141141 0.15442404006677796 0.012012012012012012 
61 0.7387312186978298 0.5423423423423424 0.009181969949916527 0.006006006006006006 
61 0.8196994991652755 0.5435435435435435 0.009181969949916527 0.004804804804804805 
62 0.7170283806343907 0.5711711711711712 0.0325542570951586 0.00960960960960961 
63 0.7287145242070117 0.584984984984985 0.05509181969949917 0.007807807807807808 
64 0.7996661101836394 0.6024024024024024 0.08430717863105175 0.012012012012012012 
65 0.7479131886477463 0.6174174174174174 0.08764607679465776 0.012612612612612612 
66 0.8589315525876461 0.6306306306306306 0.05926544240400668 0.006606606606606606 
67 0.7979966611018364 0.6498498498498498 0.14023372287145242 0.012012012012012012 
68 0.8105175292153589 0.6642642642642642 0.06010016694490818 0.008408408408408409 
69 0.7762938230383973 0.6786786786786787 0.018363939899833055 0.012612612612612612 
70 0.7938230383973289 0.6948948948948949 0.0667779632721202 0.00960960960960961 
71 0.8656093489148581 0.8636636636636636 0.09181969949916527 0.008408408408408409 
6 0.6310517529215359 0.06906906906906907 0.009181969949916527 0.006606606606606606 
3 0.2353923205342237 0.11651651651651651 0.010851419031719533 0.007807807807807808 
72 0.16277128547579298 0.11771771771771772 0.007512520868113523 0.004804804804804805 
73 0.3797996661101836 0.2024024024024024 0.012520868113522538 0.009009009009009009 
74 0.3722871452420701 0.2132132132132132 0.0 0.0 
75 0.3739565943238731 0.23903903903903903 0.0 0.0 
76 0.3739565943238731 0.2594594594594595 0.0 0.0 
77 0.3806343906510851 0.28888888888888886 0.014190317195325543 0.009009009009009009 
78 0.3756260434056761 0.31471471471471474 0.0 0.0 
79 0.3806343906510851 0.34534534534534533 0.01335559265442404 0.00960960960960961 
80 0.3739565943238731 0.372972972972973 0.0 0.0 
81 0.3797996661101836 0.4126126126126126 0.012520868113522538 0.009009009009009009 
82 0.3739565943238731 0.43963963963963965 0.0 0.0 
83 0.3814691151919866 0.46006006006006006 0.014190317195325543 0.00960960960960961 
84 0.3806343906510851 0.4798798798798799 0.01335559265442404 0.008408408408408409 
85 0.3739565943238731 0.4990990990990991 0.0 0.0 
86 0.3756260434056761 0.5159159159159159 0.0 0.0 
87 0.3797996661101836 0.5375375375375375 0.015859766277128547 0.01021021021021021 
88 0.3797996661101836 0.5669669669669669 0.012520868113522538 0.00960960960960961 
89 0.3789649415692821 0.5957957957957958 0.015025041736227046 0.00960960960960961 
90 0.3764607679465776 0.624024024024024 0.005843071786310518 0.012612612612612612 
91 0.6160267111853088 0.6228228228228229 0.01669449081803005 0.012612612612612612 
92 0.6176961602671118 0.5957957957957958 0.01335559265442404 0.009009009009009009 
93 0.6118530884808013 0.5663663663663664 0.0 0.0 
94 0.6185308848080133 0.5393393393393393 0.01669449081803005 0.009009009009009009 
95 0.6118530884808013 0.5165165165165165 0.0 0.0 
96 0.6176961602671118 0.5021021021021022 0.01335559265442404 0.009009009009009009 
97 0.6176961602671118 0.4804804804804805 0.014190317195325543 0.009009009009009009 
98 0.6110183639398998 0.45885885885885885 0.0 0.0 
99 0.6093489148580968 0.44084084084084085 0.0 0.0 
100 0.6101836393989983 0.4126126126126126 0.0 0.0 
101 0.6176961602671118 0.375975975975976 0.011686143572621035 0.008408408408408409 
102 0.6093489148580968 0.34594594594594597 0.0 0.0 
103 0.6110183639398998 0.3165165165165165 0.0 0.0 
104 0.6176961602671118 0.2882882882882883 0.015025041736227046 0.01021021021021021 
105 0.6193656093489148 0.2618618618618619 0.014190317195325543 0.007807807807807808 
106 0.6101836393989983 0.23843843843843843 0.0 0.0 
107 0.6160267111853088 0.21501501501501502 0.01335559265442404 0.009009009009009009 
108 0.6118530884808013 0.1993993993993994 0.0 0.0 
29 0.21786310517529214 0.5423423423423424 0.01001669449081803 0.006606606606606606 
