0 0.08931552587646077 0.06966966966966967 0.10851419031719532 0.013213213213213212 
1 0.22287145242070117 0.07027027027027027 0.07262103505843072 0.011411411411411412 
2 0.3330550918196995 0.06786786786786787 0.07929883138564274 0.010810810810810811 
3 0.31552587646076796 0.11651651651651651 0.0 0.0 
4 0.07429048414023372 0.11711711711711711 0.0 0.0 
5 0.44156928213689484 0.06726726726726727 0.12771285475792987 0.013213213213213212 
6 0.7078464106844741 0.07027027027027027 0.0 0.0 
7 0.5108514190317195 0.0996996996996997 0.2938230383973289 0.014414414414414415 
8 0.12103505843071787 0.17477477477477477 0.045075125208681135 0.012012012012012012 
9 0.15692821368948248 0.19039039039039038 0.12186978297161936 0.013813813813813814 
10 0.16193656093489148 0.2084084084084084 0.12687813021702837 0.013813813813813814 
11 0.16026711185308848 0.22462462462462462 0.08263772954924875 0.01021021021021021 
12 0.2696160267111853 0.22402402402402402 0.08096828046744574 0.009009009009009009 
13 0.21953255425709517 0.24264264264264265 0.18781302170283806 0.013213213213213212 
14 0.08764607679465776 0.3033033033033033 0.08514190317195326 0.007807807807807808 
15 0.07011686143572621 0.3261261261261261 0.052587646076794656 0.008408408408408409 
16 0.07011686143572621 0.3471471471471472 0.052587646076794656 0.00960960960960961 
17 0.2395659432387312 0.32432432432432434 0.05676126878130217 0.009009009009009009 
18 0.24707846410684475 0.34594594594594597 0.0667779632721202 0.007807807807807808 
19 0.14524207011686144 0.3825825825825826 0.09432387312186978 0.012012012012012012 
20 0.15776293823038398 0.39579579579579577 0.08514190317195326 0.012612612612612612 
21 0.18614357262103506 0.412012012012012 0.08013355592654424 0.012012012012012012 
22 0.2579298831385643 0.44084084084084085 0.045075125208681135 0.010810810810810811 
23 0.3330550918196995 0.439039039039039 0.045075125208681135 0.012612612612612612 
24 0.27629382303839733 0.45525525525525523 0.164440734557596 0.012012012012012012 
25 0.13606010016694492 0.46846846846846846 0.08848080133555926 0.010810810810810811 
26 0.1636060100166945 0.48348348348348347 0.1310517529215359 0.011411411411411412 
27 0.27295492487479134 0.4966966966966967 0.08764607679465776 0.013213213213213212 
28 0.22287145242070117 0.5159159159159159 0.18697829716193656 0.012612612612612612 
29 0.13689482470784642 0.5423423423423424 0.015859766277128547 0.009009009009009009 
30 0.12520868113522537 0.5723723723723724 0.04757929883138564 0.00960960960960961 
31 0.16026711185308848 0.5867867867867868 0.11769616026711185 0.012612612612612612 
32 0.21869782971619364 0.6024024024024024 0.11268781302170283 0.012612612612612612 
33 0.15025041736227046 0.6186186186186187 0.09682804674457429 0.008408408408408409 
34 0.27128547579298834 0.6318318318318318 0.08180300500834725 0.009009009009009009 
35 0.24123539232053423 0.6486486486486487 0.2337228714524207 0.011411411411411412 
36 0.22203672787979967 0.6648648648648648 0.08514190317195326 0.010810810810810811 
37 0.17529215358931552 0.6804804804804805 0.024207011686143573 0.012012012012012012 
38 0.21702838063439064 0.6960960960960961 0.11185308848080133 0.013213213213213212 
39 0.08180300500834725 0.8648648648648649 0.08681135225375626 0.01021021021021021 
40 0.7320534223706177 0.17477477477477477 0.05509181969949917 0.012012012012012012 
41 0.7370617696160268 0.19099099099099098 0.0709515859766277 0.012012012012012012 
42 0.7913188647746243 0.2066066066066066 0.17362270450751252 0.013213213213213212 
43 0.7604340567612687 0.22522522522522523 0.07679465776293823 0.010810810810810811 
44 0.8823038397328882 0.22342342342342342 0.0993322203672788 0.014414414414414415 
45 0.8430717863105175 0.24624624624624625 0.2337228714524207 0.00960960960960961 
46 0.7136894824707847 0.3063063063063063 0.13606010016694492 0.012012012012012012 
47 0.6978297161936561 0.32732732732732733 0.10517529215358931 0.01021021021021021 
48 0.6769616026711185 0.34894894894894896 0.06093489148580968 0.008408408408408409 
49 0.8497495826377296 0.34774774774774775 0.07345575959933222 0.011411411411411412 
50 0.8555926544240401 0.3267267267267267 0.08514190317195326 0.00960960960960961 
51 0.7345575959933222 0.38078078078078076 0.0642737896494157 0.010810810810810811 
52 0.7554257095158597 0.3945945945945946 0.07262103505843072 0.01021021021021021 
53 0.7863105175292153 0.4096096096096096 0.07178631051752922 0.011411411411411412 
54 0.8580968280467446 0.43963963963963965 0.04006677796327212 0.012012012012012012 
55 0.9365609348914858 0.44204204204204206 0.045075125208681135 0.008408408408408409 
56 0.8380634390651085 0.4540540540540541 0.07762938230383973 0.01021021021021021 
57 0.7462437395659433 0.4678678678678679 0.09849749582637729 0.01021021021021021 
58 0.7537562604340567 0.48228228228228226 0.10350584307178631 0.010810810810810811 
59 0.8681135225375626 0.4954954954954955 0.07929883138564274 0.011411411411411412 
60 0.8263772954924875 0.5147147147147147 0.19532554257095158 0.012012012012012012 
61 0.7345575959933222 0.5411411411411411 0.0 0.0 
61 0.8155258764607679 0.5417417417417417 0.0 0.0 
62 0.7203672787979967 0.5711711711711712 0.038397328881469114 0.01021021021021021 
63 0.7479131886477463 0.5861861861861862 0.09348914858096828 0.012012012012012012 
64 0.8080133555926544 0.603003003003003 0.1010016694490818 0.010810810810810811 
65 0.7679465776293823 0.6174174174174174 0.12771285475792987 0.012612612612612612 
66 0.8622704507512521 0.6324324324324324 0.0659432387312187 0.01021021021021021 
67 0.8088480801335559 0.6504504504504505 0.16277128547579298 0.012012012012012012 
68 0.8489148580968281 0.6642642642642642 0.13772954924874792 0.01021021021021021 
69 0.7921535893155259 0.6798798798798799 0.05008347245409015 0.010810810810810811 
70 0.8088480801335559 0.6942942942942943 0.09682804674457429 0.01021021021021021 
71 0.8873121869782972 0.8636636636636636 0.13606010016694492 0.00960960960960961 
6 0.6268781302170284 0.06846846846846846 0.0 0.0 
3 0.2378964941569282 0.11651651651651651 0.015859766277128547 0.008408408408408409 
72 0.164440734557596 0.11771771771771772 0.01001669449081803 0.004804804804804805 
73 0.3814691151919866 0.203003003003003 0.015025041736227046 0.008408408408408409 
74 0.3797996661101836 0.21501501501501502 0.015025041736227046 0.007807807807807808 
75 0.3739565943238731 0.24084084084084084 0.0 0.0 
76 0.3814691151919866 0.26126126126126126 0.015025041736227046 0.008408408408408409 
77 0.3823038397328882 0.28888888888888886 0.017529215358931552 0.009009009009009009 
78 0.3756260434056761 0.3165165165165165 0.0 0.0 
79 0.3739565943238731 0.34594594594594597 0.0 0.0 
80 0.3739565943238731 0.3747747747747748 0.0 0.0 
81 0.3739565943238731 0.4132132132132132 0.0 0.0 
82 0.3814691151919866 0.44144144144144143 0.015025041736227046 0.007807807807807808 
83 0.3747913188647746 0.46066066066066064 0.0 0.0 
84 0.3797996661101836 0.4798798798798799 0.012520868113522538 0.007807807807807808 
85 0.3739565943238731 0.5009009009009009 0.0 0.0 
86 0.3756260434056761 0.5177177177177177 0.0 0.0 
87 0.3722871452420701 0.5387387387387388 0.0 0.0 
88 0.3739565943238731 0.5675675675675675 0.0 0.0 
89 0.37145242070116863 0.5963963963963964 0.0 0.0 
90 0.3823038397328882 0.6270270270270271 0.01669449081803005 0.006606606606606606 
91 0.6076794657762938 0.6252252252252253 0.0 0.0 
92 0.6110183639398998 0.5963963963963964 0.0 0.0 
93 0.6210350584307178 0.5675675675675675 0.019198664440734557 0.00960960960960961 
94 0.6176961602671118 0.5399399399399399 0.015859766277128547 0.008408408408408409 
95 0.6210350584307178 0.5177177177177177 0.018363939899833055 0.00960960960960961 
96 0.6202003338898163 0.5015015015015015 0.019198664440734557 0.01021021021021021 
97 0.6110183639398998 0.4810810810810811 0.0 0.0 
98 0.6176961602671118 0.46006006006006006 0.014190317195325543 0.009009009009009009 
99 0.6185308848080133 0.44204204204204206 0.019198664440734557 0.00960960960960961 
100 0.6101836393989983 0.4144144144144144 0.0 0.0 
101 0.6185308848080133 0.375975975975976 0.014190317195325543 0.008408408408408409 
102 0.6185308848080133 0.34654654654654654 0.019198664440734557 0.01021021021021021 
103 0.6110183639398998 0.3183183183183183 0.0 0.0 
104 0.6193656093489148 0.2894894894894895 0.018363939899833055 0.008408408408408409 
105 0.6126878130217028 0.2618618618618619 0.0 0.0 
106 0.6101836393989983 0.24024024024024024 0.0 0.0 
107 0.6185308848080133 0.21501501501501502 0.019198664440734557 0.00960960960960961 
108 0.6118530884808013 0.2012012012012012 0.0 0.0 
29 0.21285475792988315 0.5417417417417417 0.0 0.0 
