0 0.08681135225375626 0.06966966966966967 0.10350584307178631 0.012612612612612612 
1 0.22287145242070117 0.07147147147147147 0.07262103505843072 0.00960960960960961 
2 0.337228714524207 0.06846846846846846 0.08764607679465776 0.011411411411411412 
3 0.31552587646076796 0.11651651651651651 0.0 0.0 
4 0.08180300500834725 0.11651651651651651 0.015025041736227046 0.00960960960960961 
5 0.44908180300500833 0.06786786786786787 0.14273789649415694 0.011411411411411412 
6 0.7153589315525877 0.06966966966966967 0.015859766277128547 0.009009009009009009 
7 0.5467445742904842 0.0996996996996997 0.3664440734557596 0.013813813813813814 
8 0.14691151919866444 0.17537537537537537 0.09766277128547579 0.01021021021021021 
9 0.14106844741235391 0.19039039039039038 0.09015025041736227 0.013813813813813814 
10 0.17111853088480802 0.209009009009009 0.14524207011686144 0.013213213213213212 
11 0.15859766277128548 0.22462462462462462 0.07929883138564274 0.010810810810810811 
12 0.27212020033388984 0.22522522522522523 0.08597662771285476 0.01021021021021021 
13 0.20701168614357263 0.24204204204204205 0.16193656093489148 0.014414414414414415 
14 0.07262103505843072 0.3033033033033033 0.055926544240400666 0.008408408408408409 
15 0.08096828046744574 0.3261261261261261 0.07345575959933222 0.007807807807807808 
16 0.08681135225375626 0.3471471471471472 0.08514190317195326 0.00960960960960961 
17 0.24791318864774625 0.3237237237237237 0.07345575959933222 0.01021021021021021 
18 0.2570951585976628 0.34654654654654654 0.08764607679465776 0.01021021021021021 
19 0.17445742904841402 0.3825825825825826 0.15275459098497496 0.011411411411411412 
20 0.14607679465776294 0.39579579579579577 0.06176961602671119 0.012612612612612612 
21 0.18280467445742904 0.412012012012012 0.07345575959933222 0.011411411411411412 
22 0.2570951585976628 0.44204204204204206 0.04424040066777963 0.007807807807807808 
23 0.337228714524207 0.44084084084084085 0.05342237061769616 0.00960960960960961 
24 0.22287145242070117 0.45585585585585586 0.05676126878130217 0.010810810810810811 
25 0.1669449081803005 0.46846846846846846 0.15025041736227046 0.010810810810810811 
26 0.17111853088480802 0.4828828828828829 0.14607679465776294 0.013213213213213212 
27 0.27629382303839733 0.4978978978978979 0.09432387312186978 0.010810810810810811 
28 0.21452420701168615 0.5153153153153153 0.17111853088480802 0.014414414414414415 
29 0.1293823038397329 0.542942942942943 0.0 0.0 
30 0.14106844741235391 0.5723723723723724 0.07846410684474124 0.009009009009009009 
31 0.1327212020033389 0.587987987987988 0.06260434056761269 0.010810810810810811 
32 0.21619365609348914 0.6024024024024024 0.10767946577629382 0.013213213213213212 
33 0.167779632721202 0.6174174174174174 0.1318864774624374 0.010810810810810811 
34 0.27378964941569284 0.633033033033033 0.08764607679465776 0.01021021021021021 
35 0.19449081803005008 0.648048048048048 0.14106844741235391 0.012612612612612612 
36 0.23121869782971619 0.6648648648648648 0.10434056761268781 0.01021021021021021 
37 0.17111853088480802 0.6804804804804805 0.015859766277128547 0.012012012012012012 
38 0.22287145242070117 0.6960960960960961 0.12353923205342238 0.012612612612612612 
39 0.11769616026711185 0.8654654654654654 0.15943238731218698 0.00960960960960961 
40 0.7437395659432388 0.17537537537537537 0.07929883138564274 0.010810810810810811 
41 0.7378964941569283 0.19099099099099098 0.07262103505843072 0.011411411411411412 
42 0.7821368948247078 0.2066066066066066 0.15609348914858096 0.013213213213213212 
43 0.7587646076794657 0.22582582582582583 0.07429048414023372 0.009009009009009009 
44 0.8923205342237062 0.2228228228228228 0.11936560934891485 0.015615615615615615 
45 0.8622704507512521 0.24564564564564564 0.27212020033388984 0.010810810810810811 
46 0.7295492487479132 0.3063063063063063 0.167779632721202 0.011411411411411412 
47 0.6861435726210351 0.3279279279279279 0.08180300500834725 0.009009009009009009 
48 0.6903171953255426 0.3483483483483483 0.08681135225375626 0.00960960960960961 
49 0.8564273789649416 0.34894894894894896 0.08681135225375626 0.00960960960960961 
50 0.8505843071786311 0.3267267267267267 0.07595993322203673 0.00960960960960961 
51 0.7654424040066778 0.38198198198198197 0.12520868113522537 0.008408408408408409 
52 0.7545909849749582 0.3951951951951952 0.0709515859766277 0.00960960960960961 
53 0.7938230383973289 0.4096096096096096 0.08681135225375626 0.012012012012012012 
54 0.8589315525876461 0.43963963963963965 0.041736227045075125 0.011411411411411412 
55 0.9365609348914858 0.4402402402402402 0.045075125208681135 0.011411411411411412 
56 0.8414023372287145 0.45465465465465466 0.08430717863105175 0.00960960960960961 
57 0.7604340567612687 0.4678678678678679 0.12771285475792987 0.01021021021021021 
58 0.7838063439065108 0.48228228228228226 0.1636060100166945 0.01021021021021021 
59 0.8731218697829716 0.4960960960960961 0.08931552587646077 0.011411411411411412 
60 0.8088480801335559 0.5141141141141141 0.16026711185308848 0.013213213213213212 
61 0.7345575959933222 0.5411411411411411 0.0 0.0 
61 0.8155258764607679 0.5417417417417417 0.0 0.0 
62 0.7929883138564274 0.5711711711711712 0.18363939899833054 0.01021021021021021 
63 0.7445742904841403 0.5873873873873874 0.08764607679465776 0.009009009009009009 
64 0.8155258764607679 0.6018018018018018 0.11519198664440734 0.012612612612612612 
65 0.7888146911519198 0.6186186186186187 0.1686143572621035 0.010810810810810811 
66 0.8647746243739566 0.633033033033033 0.07011686143572621 0.009009009009009009 
67 0.830550918196995 0.6492492492492492 0.20534223706176963 0.013813813813813814 
68 0.835559265442404 0.6648648648648648 0.11018363939899833 0.009009009009009009 
69 0.7838063439065108 0.6792792792792792 0.0333889816360601 0.011411411411411412 
70 0.8163606010016694 0.6942942942942943 0.11185308848080133 0.01021021021021021 
71 0.8973288814691152 0.8636636636636636 0.15609348914858096 0.009009009009009009 
6 0.6327212020033389 0.06906906906906907 0.012520868113522538 0.006606606606606606 
3 0.2370617696160267 0.11711711711711711 0.01335559265442404 0.007207207207207207 
72 0.15943238731218698 0.11591591591591592 0.0 0.0 
73 0.3739565943238731 0.203003003003003 0.0 0.0 
74 0.3722871452420701 0.21501501501501502 0.0 0.0 
75 0.3823038397328882 0.24024024024024024 0.01669449081803005 0.009009009009009009 
76 0.3823038397328882 0.26006006006006005 0.017529215358931552 0.01021021021021021 
77 0.3739565943238731 0.2894894894894895 0.0 0.0 
78 0.3831385642737897 0.3165165165165165 0.015859766277128547 0.007807807807807808 
79 0.3739565943238731 0.34594594594594597 0.0 0.0 
80 0.3739565943238731 0.3747747747747748 0.0 0.0 
81 0.3831385642737897 0.4126126126126126 0.018363939899833055 0.00960960960960961 
82 0.3789649415692821 0.44144144144144143 0.010851419031719533 0.007807807807807808 
83 0.3823038397328882 0.46066066066066064 0.015859766277128547 0.007807807807807808 
84 0.3739565943238731 0.4798798798798799 0.0 0.0 
85 0.3739565943238731 0.5009009009009009 0.0 0.0 
86 0.3823038397328882 0.5171171171171172 0.01335559265442404 0.009009009009009009 
87 0.3806343906510851 0.5369369369369369 0.01669449081803005 0.011411411411411412 
88 0.3831385642737897 0.5663663663663664 0.018363939899833055 0.010810810810810811 
89 0.3781302170283806 0.5957957957957958 0.01335559265442404 0.00960960960960961 
90 0.3814691151919866 0.6276276276276276 0.015859766277128547 0.005405405405405406 
91 0.6176961602671118 0.6258258258258258 0.02003338898163606 0.007207207207207207 
92 0.6202003338898163 0.5945945945945946 0.019198664440734557 0.011411411411411412 
93 0.6210350584307178 0.5669669669669669 0.018363939899833055 0.010810810810810811 
94 0.6101836393989983 0.5399399399399399 0.0 0.0 
95 0.6185308848080133 0.5171171171171172 0.01335559265442404 0.01021021021021021 
96 0.6110183639398998 0.5027027027027027 0.0 0.0 
97 0.6110183639398998 0.4810810810810811 0.0 0.0 
98 0.6202003338898163 0.46006006006006006 0.019198664440734557 0.00960960960960961 
99 0.6093489148580968 0.44264264264264264 0.0 0.0 
100 0.6101836393989983 0.4144144144144144 0.0 0.0 
101 0.6193656093489148 0.37537537537537535 0.015859766277128547 0.009009009009009009 
102 0.6176961602671118 0.34594594594594597 0.01669449081803005 0.012012012012012012 
103 0.6110183639398998 0.3183183183183183 0.0 0.0 
104 0.6176961602671118 0.2882882882882883 0.015025041736227046 0.01021021021021021 
105 0.6193656093489148 0.2606606606606607 0.014190317195325543 0.010810810810810811 
106 0.6160267111853088 0.24024024024024024 0.012520868113522538 0.008408408408408409 
107 0.6093489148580968 0.21561561561561562 0.0 0.0 
108 0.6185308848080133 0.2018018018018018 0.01335559265442404 0.007207207207207207 
29 0.21285475792988315 0.5417417417417417 0.0 0.0 
