0 0.07846410684474124 0.07027027027027027 0.08764607679465776 0.012012012012012012 
1 0.21619365609348914 0.06966966966966967 0.05843071786310518 0.013213213213213212 
2 0.332220367278798 0.06786786786786787 0.07762938230383973 0.012612612612612612 
3 0.32220367278797996 0.11591591591591592 0.014190317195325543 0.009009009009009009 
4 0.07429048414023372 0.11531531531531532 0.0 0.0 
5 0.4691151919866444 0.06966966966966967 0.18196994991652754 0.008408408408408409 
6 0.7136894824707847 0.06966966966966967 0.012520868113522538 0.00960960960960961 
7 0.503338898163606 0.0990990990990991 0.27879799666110183 0.015015015015015015 
8 0.13606010016694492 0.17537537537537537 0.07595993322203673 0.01021021021021021 
9 0.17529215358931552 0.19039039039039038 0.15859766277128548 0.014414414414414415 
10 0.20701168614357263 0.209009009009009 0.21786310517529214 0.012612612612612612 
11 0.14357262103505844 0.22402402402402402 0.049248747913188645 0.011411411411411412 
12 0.27212020033388984 0.22462462462462462 0.08514190317195326 0.012012012012012012 
13 0.2370617696160267 0.24384384384384383 0.22287145242070117 0.01021021021021021 
14 0.10851419031719532 0.3051051051051051 0.12687813021702837 0.004804804804804805 
15 0.08764607679465776 0.32552552552552555 0.08681135225375626 0.009009009009009009 
16 0.07846410684474124 0.3471471471471472 0.06928213689482471 0.00960960960960961 
17 0.2387312186978297 0.32432432432432434 0.055926544240400666 0.009009009009009009 
18 0.24958263772954925 0.3471471471471472 0.07262103505843072 0.009009009009009009 
19 0.14357262103505844 0.3813813813813814 0.09098497495826377 0.013813813813813814 
20 0.14607679465776294 0.39579579579579577 0.06260434056761269 0.013213213213213212 
21 0.17445742904841402 0.412012012012012 0.05676126878130217 0.012012012012012012 
22 0.2579298831385643 0.4402402402402402 0.045909849749582635 0.012012012012012012 
23 0.328881469115192 0.43963963963963965 0.03672787979966611 0.012012012012012012 
24 0.2328881469115192 0.45525525525525523 0.07679465776293823 0.012012012012012012 
25 0.12520868113522537 0.46846846846846846 0.0676126878130217 0.01021021021021021 
26 0.17863105175292154 0.4828828828828829 0.16110183639398998 0.012612612612612612 
27 0.27128547579298834 0.4966966966966967 0.08430717863105175 0.012612612612612612 
28 0.2353923205342237 0.5177177177177177 0.21285475792988315 0.009009009009009009 
29 0.13606010016694492 0.5423423423423424 0.014190317195325543 0.009009009009009009 
30 0.15025041736227046 0.5717717717717717 0.09766277128547579 0.01021021021021021 
31 0.1293823038397329 0.5873873873873874 0.055926544240400666 0.012012012012012012 
32 0.21619365609348914 0.6024024024024024 0.10767946577629382 0.013213213213213212 
33 0.17028380634390652 0.6174174174174174 0.13689482470784642 0.01021021021021021 
34 0.27295492487479134 0.6318318318318318 0.08514190317195326 0.012612612612612612 
35 0.17362270450751252 0.6486486486486487 0.0993322203672788 0.012012012012012012 
36 0.22120200333889817 0.6648648648648648 0.08430717863105175 0.01021021021021021 
37 0.17111853088480802 0.6804804804804805 0.015859766277128547 0.012012012012012012 
38 0.2036727879799666 0.6960960960960961 0.08514190317195326 0.012612612612612612 
39 0.1018363939899833 0.8666666666666667 0.12687813021702837 0.006606606606606606 
40 0.7295492487479132 0.17477477477477477 0.05008347245409015 0.012012012012012012 
41 0.7320534223706177 0.19099099099099098 0.06010016694490818 0.012012012012012012 
42 0.7954924874791319 0.2066066066066066 0.18196994991652754 0.013213213213213212 
43 0.7537562604340567 0.22402402402402402 0.0642737896494157 0.013213213213213212 
44 0.8731218697829716 0.22342342342342342 0.08013355592654424 0.013813813813813814 
45 0.8363939899833055 0.24624624624624625 0.22036727879799667 0.009009009009009009 
46 0.7061769616026711 0.3063063063063063 0.12020033388981637 0.012012012012012012 
47 0.6886477462437396 0.3267267267267267 0.08764607679465776 0.011411411411411412 
48 0.6811352253756261 0.34774774774774775 0.06928213689482471 0.01021021021021021 
49 0.8472454090150251 0.3483483483483483 0.06928213689482471 0.01021021021021021 
50 0.8539232053422371 0.3261261261261261 0.08263772954924875 0.01021021021021021 
51 0.7353923205342237 0.3801801801801802 0.0651085141903172 0.011411411411411412 
52 0.7429048414023373 0.3951951951951952 0.04757929883138564 0.009009009009009009 
53 0.7838063439065108 0.4096096096096096 0.0667779632721202 0.011411411411411412 
54 0.8622704507512521 0.43783783783783786 0.049248747913188645 0.015015015015015015 
55 0.9382303839732888 0.4402402402402402 0.048414023372287146 0.011411411411411412 
56 0.8505843071786311 0.45465465465465466 0.1018363939899833 0.009009009009009009 
57 0.7212020033388982 0.4678678678678679 0.048414023372287146 0.01021021021021021 
58 0.7604340567612687 0.48228228228228226 0.11686143572621036 0.01021021021021021 
59 0.8722871452420701 0.4954954954954955 0.08681135225375626 0.012612612612612612 
60 0.7979966611018364 0.5141141141141141 0.13856427378964942 0.013213213213213212 
61 0.7345575959933222 0.5393393393393393 0.0 0.0 
61 0.820534223706177 0.5417417417417417 0.01001669449081803 0.007807807807807808 
62 0.7278797996661102 0.5711711711711712 0.05425709515859766 0.01021021021021021 
63 0.7412353923205343 0.5861861861861862 0.08096828046744574 0.012012012012012012 
64 0.8055091819699499 0.6024024024024024 0.09599332220367279 0.012012012012012012 
65 0.7646076794657763 0.618018018018018 0.12020033388981637 0.012012012012012012 
66 0.8639398998330551 0.6324324324324324 0.06928213689482471 0.01021021021021021 
67 0.7846410684474123 0.6498498498498498 0.11435726210350584 0.012612612612612612 
68 0.827212020033389 0.6648648648648648 0.09348914858096828 0.00960960960960961 
69 0.7737896494156928 0.6798798798798799 0.01335559265442404 0.010810810810810811 
70 0.7979966611018364 0.6948948948948949 0.07595993322203673 0.00960960960960961 
71 0.8764607679465777 0.8636636636636636 0.11435726210350584 0.009009009009009009 
6 0.6310517529215359 0.06906906906906907 0.008347245409015025 0.006606606606606606 
3 0.2345575959933222 0.11711711711711711 0.009181969949916527 0.007207207207207207 
72 0.15943238731218698 0.11411411411411411 0.0 0.0 
73 0.3823038397328882 0.2012012012012012 0.01669449081803005 0.011411411411411412 
74 0.3722871452420701 0.2132132132132132 0.0 0.0 
75 0.3814691151919866 0.24024024024024024 0.015025041736227046 0.009009009009009009 
76 0.3797996661101836 0.2606606606606607 0.012520868113522538 0.009009009009009009 
77 0.3739565943238731 0.2876876876876877 0.0 0.0 
78 0.3756260434056761 0.31471471471471474 0.0 0.0 
79 0.3739565943238731 0.3441441441441441 0.0 0.0 
80 0.3797996661101836 0.375975975975976 0.011686143572621035 0.006006006006006006 
81 0.3806343906510851 0.412012012012012 0.01335559265442404 0.01021021021021021 
82 0.3739565943238731 0.43963963963963965 0.0 0.0 
83 0.3814691151919866 0.46066066066066064 0.01335559265442404 0.007807807807807808 
84 0.3739565943238731 0.47807807807807806 0.0 0.0 
85 0.3814691151919866 0.4990990990990991 0.015025041736227046 0.011411411411411412 
86 0.3806343906510851 0.5171171171171172 0.010851419031719533 0.009009009009009009 
87 0.3722871452420701 0.5369369369369369 0.0 0.0 
88 0.3739565943238731 0.5657657657657658 0.0 0.0 
89 0.37145242070116863 0.5945945945945946 0.0 0.0 
90 0.3739565943238731 0.6246246246246246 0.0 0.0 
91 0.6076794657762938 0.6234234234234234 0.0 0.0 
92 0.6110183639398998 0.5945945945945946 0.0 0.0 
93 0.6118530884808013 0.5663663663663664 0.0 0.0 
94 0.6185308848080133 0.5381381381381382 0.01669449081803005 0.011411411411411412 
95 0.6118530884808013 0.5165165165165165 0.0 0.0 
96 0.6110183639398998 0.5009009009009009 0.0 0.0 
97 0.6110183639398998 0.47927927927927927 0.0 0.0 
98 0.6193656093489148 0.46006006006006006 0.01669449081803005 0.00960960960960961 
99 0.6093489148580968 0.44084084084084085 0.0 0.0 
100 0.6160267111853088 0.4138138138138138 0.012520868113522538 0.00960960960960961 
101 0.6118530884808013 0.3741741741741742 0.0 0.0 
102 0.6160267111853088 0.34654654654654654 0.014190317195325543 0.010810810810810811 
103 0.6110183639398998 0.3165165165165165 0.0 0.0 
104 0.6101836393989983 0.2876876876876877 0.0 0.0 
105 0.6193656093489148 0.2606606606606607 0.01335559265442404 0.01021021021021021 
106 0.6101836393989983 0.23843843843843843 0.0 0.0 
107 0.6093489148580968 0.2138138138138138 0.0 0.0 
108 0.6118530884808013 0.1993993993993994 0.0 0.0 
29 0.21285475792988315 0.5399399399399399 0.0 0.0 
