0 0.09348914858096828 0.06966966966966967 0.11686143572621036 0.012612612612612612 
1 0.22287145242070117 0.07027027027027027 0.07178631051752922 0.012012012012012012 
2 0.3297161936560935 0.06846846846846846 0.07178631051752922 0.00960960960960961 
3 0.32136894824707846 0.11651651651651651 0.012520868113522538 0.007807807807807808 
4 0.07429048414023372 0.11711711711711711 0.0 0.0 
5 0.42070116861435725 0.06726726726726727 0.08514190317195326 0.012612612612612612 
6 0.7145242070116862 0.06966966966966967 0.01335559265442404 0.009009009009009009 
7 0.5075125208681135 0.0996996996996997 0.2871452420701169 0.013813813813813814 
8 0.17779632721202004 0.17477477477477477 0.15859766277128548 0.011411411411411412 
9 0.14524207011686144 0.1915915915915916 0.09849749582637729 0.012012012012012012 
10 0.1652754590984975 0.2084084084084084 0.1343906510851419 0.013813813813813814 
11 0.15692821368948248 0.22402402402402402 0.07595993322203673 0.011411411411411412 
12 0.2671118530884808 0.22402402402402402 0.07512520868113523 0.012012012012012012 
13 0.2337228714524207 0.24264264264264265 0.21535893155258765 0.012612612612612612 
14 0.11018363939899833 0.3039039039039039 0.1310517529215359 0.007207207207207207 
15 0.07595993322203673 0.3261261261261261 0.06343906510851419 0.008408408408408409 
16 0.07512520868113523 0.3471471471471472 0.06176961602671119 0.00960960960960961 
17 0.2362270450751252 0.32432432432432434 0.05091819699499165 0.009009009009009009 
18 0.24373956594323873 0.3471471471471472 0.06093489148580968 0.009009009009009009 
19 0.14524207011686144 0.3813813813813814 0.09348914858096828 0.013813813813813814 
20 0.14607679465776294 0.39579579579579577 0.06176961602671119 0.012612612612612612 
21 0.18864774624373956 0.412012012012012 0.08514190317195326 0.012012012012012012 
22 0.25459098497495825 0.439039039039039 0.038397328881469114 0.013813813813813814 
23 0.328881469115192 0.43963963963963965 0.03672787979966611 0.011411411411411412 
24 0.2353923205342237 0.45585585585585586 0.08263772954924875 0.010810810810810811 
25 0.12604340567612687 0.46966966966966966 0.06928213689482471 0.008408408408408409 
26 0.2011686143572621 0.4828828828828829 0.20617696160267113 0.012612612612612612 
27 0.2654424040066778 0.4966966966966967 0.07262103505843072 0.010810810810810811 
28 0.21702838063439064 0.5159159159159159 0.17612687813021702 0.013213213213213212 
29 0.13606010016694492 0.5423423423423424 0.014190317195325543 0.009009009009009009 
30 0.12771285475792987 0.5717717717717717 0.05175292153589316 0.010810810810810811 
31 0.1335559265442404 0.5873873873873874 0.0642737896494157 0.012012012012012012 
32 0.21786310517529214 0.603003003003003 0.11018363939899833 0.012012012012012012 
33 0.1636060100166945 0.6186186186186187 0.12437395659432388 0.008408408408408409 
34 0.2662771285475793 0.6318318318318318 0.07262103505843072 0.012612612612612612 
35 0.2036727879799666 0.6486486486486487 0.15943238731218698 0.011411411411411412 
36 0.24457429048414023 0.6648648648648648 0.1310517529215359 0.010810810810810811 
37 0.17278797996661102 0.6810810810810811 0.018363939899833055 0.010810810810810811 
38 0.21118530884808012 0.6960960960960961 0.1001669449081803 0.012612612612612612 
39 0.10767946577629382 0.8666666666666667 0.13856427378964942 0.006606606606606606 
40 0.7270450751252087 0.17477477477477477 0.045909849749582635 0.012012012012012012 
41 0.7470784641068448 0.19039039039039038 0.09098497495826377 0.012612612612612612 
42 0.7687813021702838 0.2066066066066066 0.1285475792988314 0.012612612612612612 
43 0.7587646076794657 0.22402402402402402 0.07429048414023372 0.012612612612612612 
44 0.8772954924874792 0.22342342342342342 0.08848080133555926 0.014414414414414415 
45 0.8397328881469115 0.24444444444444444 0.2278797996661102 0.013213213213213212 
46 0.7078464106844741 0.3063063063063063 0.12353923205342238 0.011411411411411412 
47 0.674457429048414 0.32732732732732733 0.05926544240400668 0.010810810810810811 
48 0.676126878130217 0.34774774774774775 0.05843071786310518 0.01021021021021021 
49 0.843906510851419 0.3483483483483483 0.06260434056761269 0.010810810810810811 
50 0.8380634390651085 0.3267267267267267 0.05091819699499165 0.009009009009009009 
51 0.7829716193656093 0.38078078078078076 0.16026711185308848 0.01021021021021021 
52 0.7454090150250418 0.3945945945945946 0.05175292153589316 0.01021021021021021 
53 0.7871452420701168 0.4102102102102102 0.07345575959933222 0.010810810810810811 
54 0.8589315525876461 0.43843843843843844 0.041736227045075125 0.013813813813813814 
55 0.9365609348914858 0.44144144144144143 0.045909849749582635 0.009009009009009009 
56 0.8489148580968281 0.45465465465465466 0.0993322203672788 0.009009009009009009 
57 0.7353923205342237 0.46846846846846846 0.07679465776293823 0.00960960960960961 
58 0.7587646076794657 0.48228228228228226 0.11352253756260434 0.01021021021021021 
59 0.8647746243739566 0.4954954954954955 0.07262103505843072 0.010810810810810811 
60 0.8080133555926544 0.5141141141141141 0.15943238731218698 0.012612612612612612 
61 0.7404006677796328 0.5417417417417417 0.011686143572621035 0.007207207207207207 
61 0.8155258764607679 0.5417417417417417 0.0 0.0 
62 0.7679465776293823 0.5711711711711712 0.1343906510851419 0.01021021021021021 
63 0.7487479131886478 0.5855855855855856 0.09515859766277128 0.012612612612612612 
64 0.8088480801335559 0.603003003003003 0.1018363939899833 0.010810810810810811 
65 0.7946577629382304 0.618018018018018 0.18030050083472454 0.012012012012012012 
66 0.8580968280467446 0.633033033033033 0.05676126878130217 0.007807807807807808 
67 0.8514190317195326 0.6504504504504505 0.24791318864774625 0.012012012012012012 
68 0.8505843071786311 0.6642642642642642 0.14023372287145242 0.01021021021021021 
69 0.7821368948247078 0.6792792792792792 0.03005008347245409 0.011411411411411412 
70 0.8063439065108514 0.6942942942942943 0.09265442404006678 0.01021021021021021 
71 0.8873121869782972 0.8654654654654654 0.13606010016694492 0.005405405405405406 
6 0.6268781302170284 0.06846846846846846 0.0 0.0 
3 0.2303839732888147 0.11651651651651651 0.0 0.0 
72 0.164440734557596 0.11711711711711711 0.01001669449081803 0.005405405405405406 
73 0.3739565943238731 0.203003003003003 0.0 0.0 
74 0.3722871452420701 0.21501501501501502 0.0 0.0 
75 0.3806343906510851 0.24024024024024024 0.01335559265442404 0.009009009009009009 
76 0.3831385642737897 0.2606606606606607 0.018363939899833055 0.00960960960960961 
77 0.3823038397328882 0.28888888888888886 0.01669449081803005 0.00960960960960961 
78 0.3814691151919866 0.3165165165165165 0.011686143572621035 0.007807807807807808 
79 0.3823038397328882 0.34534534534534533 0.01669449081803005 0.00960960960960961 
80 0.3814691151919866 0.3747747747747748 0.015025041736227046 0.008408408408408409 
81 0.3739565943238731 0.4132132132132132 0.0 0.0 
82 0.3797996661101836 0.44144144144144143 0.011686143572621035 0.008408408408408409 
83 0.3814691151919866 0.46006006006006006 0.014190317195325543 0.009009009009009009 
84 0.3814691151919866 0.47927927927927927 0.015859766277128547 0.009009009009009009 
85 0.3823038397328882 0.4990990990990991 0.01669449081803005 0.011411411411411412 
86 0.3756260434056761 0.5177177177177177 0.0 0.0 
87 0.3722871452420701 0.5387387387387388 0.0 0.0 
88 0.3739565943238731 0.5675675675675675 0.0 0.0 
89 0.3789649415692821 0.5951951951951951 0.015025041736227046 0.01021021021021021 
90 0.3814691151919866 0.6246246246246246 0.015025041736227046 0.011411411411411412 
91 0.6076794657762938 0.6252252252252253 0.0 0.0 
92 0.6110183639398998 0.5963963963963964 0.0 0.0 
93 0.6218697829716193 0.5669669669669669 0.02003338898163606 0.010810810810810811 
94 0.6101836393989983 0.5399399399399399 0.0 0.0 
95 0.6193656093489148 0.5171171171171172 0.015859766277128547 0.01021021021021021 
96 0.6110183639398998 0.5027027027027027 0.0 0.0 
97 0.6185308848080133 0.4804804804804805 0.015859766277128547 0.00960960960960961 
98 0.6110183639398998 0.46066066066066064 0.0 0.0 
99 0.6093489148580968 0.44264264264264264 0.0 0.0 
100 0.6176961602671118 0.4132132132132132 0.015025041736227046 0.01021021021021021 
101 0.6193656093489148 0.37537537537537535 0.015025041736227046 0.009009009009009009 
102 0.6176961602671118 0.34594594594594597 0.017529215358931552 0.011411411411411412 
103 0.6210350584307178 0.3171171171171171 0.02003338898163606 0.010810810810810811 
104 0.6185308848080133 0.28888888888888886 0.01669449081803005 0.00960960960960961 
105 0.6202003338898163 0.26126126126126126 0.015025041736227046 0.009009009009009009 
106 0.6185308848080133 0.24024024024024024 0.017529215358931552 0.008408408408408409 
107 0.6093489148580968 0.21561561561561562 0.0 0.0 
108 0.6176961602671118 0.2012012012012012 0.011686143572621035 0.007807807807807808 
29 0.21285475792988315 0.5417417417417417 0.0 0.0 
